0.0
0
0
0
0
0
0
0
0
0
0
0
0
0
0
0
0
0
0
0
0
0
0
0
0
0
0
0
0
0
0
0
0
0
0
0
0
0
0
0
0
0
0
0
0
0
0
0
0
0
0.0
0.0
0.0
0.0
0.0
0.0
0.0
0.0
0.0
0.0
0.0
0.0
0.0
0.0
0.0
0.0
0.0
0.0
0.0
0.0
0.0
0.0
0.0
0.0
0.0
0.0
0.0
0.0
0.0
0.0
0.0
0.0
0.0
0.0
0.0
0.0
0.0
0.0
0.0
0.0
0.0
0.0
0.0
0.0
0.0
0.0
0.0
0.0
0.0
0.0
0.0
0.0
0.0
0.0
0.0
0.0
0.0
0.0
0.0
0.0
0.0
0.0
0.0
0.0
0.0
0.0
0.0
0.0
0.0
0.0
0.0
0.0
0.0
0.0
0.0
0.0
0.0
0.0
0.0
0.0
0.0
0.0
0.0
0.0
0.0
0.0
0.0
0.0
0.0
0.0
0.0
0.0
0.0
0.0
0.0
0.0
0.0
0.0
0.0
0.0
0.0
0.0
0.0
0.0
0.0
0.0
0.0
0.0
0.0
0.0
0.0
0.0
0.0
0.0
0.0
0.0
0.0
0.0
0.0
0.0
0.0
0.0
0.0
0.0
0.0
0.0
0.0
0.0
0.0
0.0
0.0
0.0
0.0
0.0
0.0
0.0
0.0
0.0
0.0
0.0
0.0
0.0
0.0
0.0
0.0
0.0
0.0
0.0
0.0
0.0
0.0
0.0
0.0
0.0
0.0
0.0
0.0
0.0
0.0
0.0
0.0
0.0
0.0
0.0
0.0
0.0
0.0
0.0
0.0
0.0
0.0
0.0
0.0
0.0
0.0
0.0
0.0
0.0
0.0
0.0
0.0
0.0
0.0
0.0
0.0
0.0
0.0
0.0
0.0
0.0
0.0
0.0
0.0
0.0
0.0
0.0
0.0
0.0
0.0
0.0
0.0
0.0
0.0
0.0
0.0
0.0
0.0
0.0
0.0
0.0
0.0
0.0
0.0
0.0
0.0
0.0
0.0
0.0
0.0
0.0
0.0
0.0
0.0
0.0
0.0
0.0
0.0
0.0
0.0
0.0
0.0
0.0
0.0
0.0
0.0
0.0
0.0
0.0
0.0
0.0
0.0
0.0
0.0
0.0
0.0
0.0
0.0
0.0
0.0
0.0
0.0
0.0
0.0
0.0
0.0
0.0
0.0
0.0
0.0
0.0
0.0
0.0
0.0
0.0
0.0
0.0
0.0
0.0
0.0
0.0
0.0
0.0
0.0
0.0
0.0
0.0
0.0
0.0
0.0
0.0
0.0
0.0
0.0
0.0
0.0
0.0
0.0
0.0
0.0
0.0
0.0
0.0
0.0
0.0
0.0
0.0
0.0
0.0
0.0
0.0
0.0
0.0
0.0
0.0
0.0
0.0
0.0
0.0
0.0
0.0
0.0
0.0
0.0
0.0
0.0
0.0
0.0022222222222222222
0.008888888888888889
0.021111111111111112
0.03666666666666667
0.05444444444444445
0.07444444444444445
0.09666666666666668
0.1188888888888889
0.14111111111111113
0.16444444444444448
0.18777777777777782
0.21111111111111117
0.23777777777777784
0.2655555555555556
0.2966666666666667
0.33111111111111113
0.3711111111111111
0.4166666666666667
0.46444444444444444
0.5122222222222222
0.5622222222222223
0.6133333333333334
0.6644444444444445
0.7155555555555556
0.7666666666666667
0.8177777777777778
0.8688888888888889
0.92
0.9711111111111111
1.0222222222222221
1.0733333333333333
1.1244444444444444
1.1755555555555555
1.2266666666666666
1.2777777777777777
1.3288888888888888
1.38
1.431111111111111
1.482222222222222
1.5333333333333332
1.5844444444444443
1.6355555555555554
1.6866666666666665
1.7377777777777776
1.7888888888888888
1.8399999999999999
1.891111111111111
1.942222222222222
1.9933333333333332
2.0444444444444443
2.0955555555555554
2.1466666666666665
2.1977777777777776
2.2488888888888887
2.3
2.3511110194388682
2.4022203255038304
2.453322787047167
2.504410114139667
2.5554774352593284
2.606521829475748
2.65753901900225
2.708527430781465
2.759476461673724
2.810383098021807
2.8612361724806625
2.9120389631843344
2.962793990050657
3.013491533915474
3.0641356353705684
3.1147242808147384
3.165255457576296
3.2157155691538635
3.266099521889293
3.31641573234634
3.366662034998721
3.416836265637367
3.466936261421793
3.516959860931443
3.5669049042170013
3.6167692328516927
3.6665287363750387
3.7162006287581657
3.7657826763254243
3.8152726472426233
3.8646683115720655
3.913967441327537
3.963167810529274
4.012267195258874
4.061263373714189
4.110154126264162
4.158937235503622
4.207610486308046
4.256171665888278
4.304618563845185
4.3529489722242865
4.4011606855703285
4.449251500981812
4.497219218165464
4.545061639490668
4.59277657004384
4.640361817682749
4.687815193090782
4.735134509831161
4.782317584401094
4.829362236285882
4.8762662880129515
4.923027565205839
4.969643896638114
5.016113114287228
5.062433053388323
5.108601552487948
5.1546164534977414
5.200475601748018
5.246176846041306
5.291718038705805
5.337097035648795
5.382311696409948
5.427359884214575
5.472239466026821
5.516948312602754
5.561484298543402
5.6058453023477055
5.650029206465392
5.694033897349774
5.73785726551047
5.781497205566028
5.824951616296503
5.868218400695911
5.911295466024624
5.954180723861676
5.996872090156981
6.039367485283453
6.081664834089058
6.1237620659487675
6.165657114816419
6.207347919276476
6.248832422595722
6.290108572774838
6.331174322599889
6.372027629693726
6.412666456567271
6.453088770670732
6.493292544444685
6.53327575537109
6.573036386024179
6.61257242412126
6.651881862573401
6.690962699536027
6.729812938459406
6.768430588139014
6.806813662765817
6.8449601819764245
6.882868170903144
6.920535660223924
6.957960686212171
6.995141290786493
7.032075521560269
7.068761431891159
7.105197080930469
7.141380533672411
7.1773098610032315
7.212983139750233
7.248398452730687
7.283553888800582
7.318447542903313
7.353077516118181
7.3874419157088305
7.421538855171515
7.455366454283256
7.488446588188107
7.520030383584877
7.550796660040186
7.579970530862351
7.608250395215341
7.63586656062814
7.662803335673866
7.689311601694541
7.715388289660339
7.7410303477729245
7.766234741606409
7.79099845424766
7.815318486436007
7.839191856702361
7.86202014724289
7.884377670165623
7.905647344978456
7.926421426107586
7.945430447550713
7.963255606489607
7.97986335410619
7.99555132991554
8.01030030815452
8.024433233684768
8.037598682544113
8.049776928265567
8.060948018758294
8.071455781678178
8.081296405486858
8.09046611874134
8.09896119037645
8.106777929985123
8.113912688096558
8.119964588283004
8.125316052075604
8.129554844466528
8.133074628811537
8.13503142944627
8.135386577754364
8.134965113096198
8.132887071475553
8.129556752632901
8.125402584454877
8.120420930894648
8.114608216420233
8.107960926367472
8.10047560728908
8.092148867299745
8.082977376417244
8.072957866899605
8.062087133578213
8.050362034186882
8.037779489686885
8.02433648458785
8.010030067264571
7.9948573502696805
7.978815510642139
7.961901790211571
7.9441134958983755
7.925448000009591
7.9059027405305615
7.885475221412269
7.864163012854409
7.899428317844787
7.934693622835167
7.969958927825545
8.005224232815925
8.040489537806303
8.075754842796682
8.11102014778706
8.14628545277744
8.18155075776782
8.216816062758198
8.252081367748577
8.287346672738956
8.322611977729334
8.357877282719715
8.393142587710093
8.428407892700472
8.46367319769085
8.498938502681229
8.53420380767161
8.569469112661988
8.604734417652367
8.639999722642745
8.675265027633124
8.710530332623502
8.745795637613883
8.781060942604261
8.81632624759464
8.851591552585019
8.886856857575397
8.922122162565778
8.957387467556156
8.992652772546535
9.027918077536913
9.063183382527292
9.098448687517672
9.133713992508051
9.16897929749843
9.204244602488808
9.239509907479187
9.274775212469565
9.310040517459946
9.345305822450324
9.380571127440703
9.415836432431082
9.45110173742146
9.48636704241184
9.52163234740222
9.556897652392598
9.592162957382977
9.627428262373355
9.662693567363736
9.697958872354114
9.733224177344493
9.768489482334871
9.80375478732525
9.839020092315629
9.874285397306009
9.909550702296388
9.944816007286766
9.980081312277145
10.015346617267523
10.050611922257904
10.085877227248282
10.121142532238661
10.15640783722904
10.191673142219418
10.226938447209799
10.262203752200177
10.297469057190556
10.332734362180934
10.367999667171313
10.403264972161692
10.438530277152072
10.47379558214245
10.50906088713283
10.544326192123208
10.579591497113586
10.614856802103967
10.650122107094345
10.685387412084724
10.720652717075103
10.755918022065481
10.791183327055862
10.82644863204624
10.861713937036619
10.896979242026998
10.932244547017376
10.967509852007755
11.002775156998135
11.038040461988514
11.073305766978892
11.108571071969271
11.14383637695965
11.17910168195003
11.214366986940409
11.249632291930787
11.284897596921166
11.320162901911544
11.355428206901925
11.390693511892303
11.425958816882682
11.46122412187306
11.49648942686344
11.531754731853818
11.567020036844198
11.602285341834577
11.637550646824955
11.672815951815334
11.708081256805713
11.743346561796093
11.778611866786472
11.81387717177685
11.849142476767229
11.884407781757607
11.919673086747988
11.954938391738366
11.990203696728745
12.025469001719124
12.060734306709502
12.095999611699881
12.131264916690261
12.16653022168064
12.201795526671019
12.237060831661397
12.272326136651776
12.307591441642156
12.342856746632535
12.378122051622913
12.413387356613292
12.44865266160367
12.483917966594051
12.51918327158443
12.554448576574808
12.589713881565187
12.624979186555565
12.660244491545944
12.695509796536324
12.730775101526703
12.766040406517082
12.80130571150746
12.836571016497839
12.87183632148822
12.907101626478598
12.942366931468976
12.977632236459355
13.012897541449734
13.048162846440112
13.083428151430493
13.118693456420871
13.15395876141125
13.189224066401628
13.224489371392007
13.259754676382387
13.295019981372766
13.330285286363145
13.365550591353523
13.400815896343902
13.436081201334282
13.471346506324661
13.50661181131504
13.541877116305418
13.577142421295797
13.612407726286175
13.647673031276556
13.682938336266934
13.718203641257313
13.753468946247692
13.78873425123807
13.82399955622845
13.85926486121883
13.894530166209208
13.929795471199586
13.965060776189965
14.000326081180345
14.035591386170724
14.070856691161103
14.106121996151481
14.14138730114186
14.176652606132238
14.211917911122619
14.247183216112997
14.282448521103376
14.317713826093755
14.352979131084133
14.388244436074514
14.423509741064892
14.45877504605527
14.49404035104565
14.529305656036028
14.564570961026408
14.599836266016787
14.635101571007166
14.670366875997544
14.705632180987923
14.740897485978302
14.776162790968682
14.81142809595906
14.84669340094944
14.881958705939818
14.917224010930196
14.952489315920577
14.987754620910955
15.023019925901334
15.058285230891713
15.093550535882091
15.128815840872472
15.16408114586285
15.199346450853229
15.234611755843607
15.269877060833986
15.305142365824365
15.340407670814745
15.375672975805124
15.410938280795502
15.44620358578588
15.48146889077626
15.51673419576664
15.551999500757018
15.587264805747397
15.622530110737776
15.657795415728154
15.693060720718535
15.728326025708913
15.763591330699292
15.79885663568967
15.834121940680049
15.869387245670428
15.904652550660808
15.939917855651187
15.975183160641565
16.010448465631946
16.045713770622324
16.080979075612703
16.11624438060308
16.15150968559346
16.18677499058384
16.222040295574217
16.257305600564596
16.292570905554975
16.327836210545353
16.363101515535735
16.398366820526114
16.433632125516493
16.46889743050687
16.50416273549725
16.53942804048763
16.574693345478007
16.609958650468386
16.645223955458764
16.680489260449143
16.71575456543952
16.751019870429904
16.786285175420282
16.82155048041066
16.85681578540104
16.892081090391418
16.927346395381797
16.962611700372175
16.997877005362554
17.033142310352932
17.06840761534331
17.103672920333693
17.138938225324072
17.17420353031445
17.20946883530483
17.244734140295208
17.279999445285586
17.315264750275965
17.350530055266344
17.385795360256722
17.4210606652471
17.45632597023748
17.49159127522786
17.52685658021824
17.56212188520862
17.597387190198997
17.632652495189376
17.667917800179755
17.703183105170133
17.73844841016051
17.77371371515089
17.80897902014127
17.844244325131648
17.87950963012203
17.91477493511241
17.950040240102787
17.985305545093166
18.020570850083544
18.055836155073923
18.0911014600643
18.12636676505468
18.16163207004506
18.196897375035437
18.23216268002582
18.267427985016198
18.302693290006577
18.337958594996955
18.373223899987334
18.408489204977712
18.44375450996809
18.47901981495847
18.51428511994885
18.549550424939227
18.584815729929606
18.620081034919988
18.655346339910366
18.690611644900745
18.725876949891124
18.761142254881502
18.79640755987188
18.83167286486226
18.866938169852638
18.902203474843017
18.937468779833395
18.972734084823774
19.007999389814156
19.043264694804535
19.078529999794913
19.113028667720283
19.147527335645652
19.181259366506016
19.21422476030137
19.247190154096725
19.28015554789208
19.311587667557415
19.34301978722275
19.37445190688809
19.405884026553426
19.436549509153757
19.467214991754084
19.497880474354414
19.52854595695474
19.55921143955507
19.5898769221554
19.620542404755728
19.65120788735606
19.681873369956385
19.712538852556715
19.743204335157046
19.773869817757372
19.804535300357703
19.83520078295803
19.86586626555836
19.89653174815869
19.927197230759017
19.957862713359347
19.988528195959674
20.019193678560004
20.049859161160335
20.08052464376066
20.11119012636099
20.14185560896132
20.17098781743163
20.198586751771927
20.225419049047215
20.251484709257493
20.27755036946777
20.30361602967805
20.32968168988833
20.355747350098607
20.381813010308885
20.407878670519167
20.433944330729446
20.460009990939724
20.486075651150003
20.51214131136028
20.53820697157056
20.564272631780838
20.590338291991117
20.616403952201395
20.643236249476683
20.67083518381698
20.698434118157273
20.72603305249757
20.754398623902873
20.78276419530818
20.81189640377849
20.841028612248802
20.870160820719114
20.899293029189426
20.928425237659738
20.95755744613005
20.98668965460036
21.015821863070673
21.04495407154099
21.0740862800113
21.103218488481613
21.132350696951924
21.161482905422236
21.190615113892548
21.21974732236286
21.24887953083317
21.278011739303484
21.307143947773795
21.33627615624411
21.365408364714423
21.394540573184734
21.423672781655046
21.452804990125358
21.48193719859567
21.511069407065982
21.540201615536294
21.569333824006605
21.598466032476917
21.627598240947233
21.656730449417545
21.685862657887856
21.71499486635817
21.74412707482848
21.773259283298792
21.802391491769104
21.831523700239416
21.860655908709727
21.88978811718004
21.918920325650355
21.948052534120666
21.97718474259098
22.00631695106129
22.035449159531602
22.064581368001914
22.093713576472226
22.122845784942538
22.15197799341285
22.18111020188316
22.210242410353477
22.23937461882379
22.2685068272941
22.297639035764412
22.326771244234724
22.355903452705036
22.385035661175348
22.41416786964566
22.44330007811597
22.472432286586283
22.5015644950566
22.53069670352691
22.559828911997222
22.588961120467534
22.618093328937846
22.647225537408158
22.67635774587847
22.70548995434878
22.734622162819093
22.763754371289405
22.792886579759717
22.822018788230032
22.851150996700344
22.880283205170656
22.909415413640968
22.93854762211128
22.96767983058159
22.996812039051903
23.025944247522215
23.055076455992527
23.08420866446284
23.113340872933154
23.142473081403466
23.171605289873778
23.20073749834409
23.2298697068144
23.259001915284713
23.288134123755025
23.317266332225337
23.34639854069565
23.37553074916596
23.404662957636276
23.433795166106588
23.4629273745769
23.49205958304721
23.521191791517523
23.550323999987835
23.579456208458147
23.60858841692846
23.63772062539877
23.666852833869083
23.695985042339398
23.72511725080971
23.75424945928002
23.783381667750334
23.812513876220645
23.841646084690957
23.87077829316127
23.89991050163158
23.929042710101893
23.9574082815072
23.985773852912505
24.01413942431781
24.042504995723117
24.070870567128427
24.099236138533733
24.12760170993904
24.155967281344346
24.18433285274965
24.212698424154958
24.241063995560264
24.26942956696557
24.297795138370876
24.326160709776183
24.35452628118149
24.382891852586795
24.4112574239921
24.439622995397407
24.467988566802713
24.49635413820802
24.524719709613326
24.55308528101863
24.581450852423938
24.609816423829244
24.63818199523455
24.665780929574847
24.69337986391514
24.720978798255437
24.748577732595734
24.776176666936028
24.803775601276325
24.831374535616618
24.858973469956915
24.886572404297212
24.914171338637505
24.941770272977802
24.969369207318096
24.996968141658392
25.02456707599869
25.052166010338983
25.07976494467928
25.107363879019573
25.13496281335987
25.162561747700167
25.19016068204046
25.217759616380757
25.24535855072105
25.272957485061347
25.300556419401644
25.328155353741938
25.355754288082235
25.383353222422528
25.410952156762825
25.438551091103122
25.466150025443415
25.493748959783712
25.521347894124006
25.548180191399297
25.575012488674588
25.601844785949876
25.628677083225167
25.655509380500455
25.681575040710733
25.70764070092101
25.73370636113129
25.759772021341572
25.78583768155185
25.81190334176213
25.837969001972407
25.864034662182686
25.88933368532796
25.91463270847323
25.939931731618504
25.965230754763777
25.99052977790905
26.015828801054322
26.041127824199595
26.066426847344868
26.09172587049014
26.117024893635413
26.142323916780686
26.16762293992596
26.192155326006223
26.216687712086486
26.241220098166746
26.264985847182004
26.288751596197258
26.311750708147503
26.334749820097752
26.357748932047997
26.380748043998242
26.403747155948487
26.425979630833726
26.448212105718966
26.470444580604205
26.491910418424435
26.513376256244662
26.534075456999886
26.554774657755107
26.575473858510332
26.596173059265553
26.616872260020777
26.637571460775998
26.658270661531223
26.678969862286447
26.699669063041668
26.720368263796892
26.741067464552113
26.761766665307338
26.78246586606256
26.803165066817783
26.823097630507995
26.843030194198207
26.86296275788842
26.882128684513624
26.90052797407382
26.918927263634014
26.93732655319421
26.955725842754408
26.9741251323146
26.991757784809792
27.00939043730498
27.02702308980017
27.044655742295358
27.06228839479055
27.07992104728574
27.09678706271592
27.113653078146097
27.130519093576275
27.147385109006454
27.164251124436632
27.18111713986681
27.19798315529699
27.214849170727167
27.231715186157345
27.248581201587527
27.265447217017705
27.282313232447883
27.29917924787806
27.31604526330824
27.33291127873842
27.349777294168597
27.366643309598775
27.383509325028953
27.400375340459135
27.417241355889313
27.43410737131949
27.450206749684664
27.466306128049837
27.48240550641501
27.498504884780182
27.514604263145355
27.530703641510527
27.5468030198757
27.562902398240873
27.579001776606045
27.595101154971218
27.61120053333639
27.627299911701563
27.643399290066736
27.659498668431908
27.67559804679708
27.691697425162257
27.70779680352743
27.723896181892602
27.739995560257775
27.75532830155794
27.769894405793096
27.784460510028254
27.798259977198402
27.812059444368554
27.825858911538703
27.839658378708855
27.853457845879003
27.867257313049155
27.881056780219303
27.894856247389455
27.908655714559604
27.922455181729756
27.936254648899904
27.950054116070056
27.963853583240205
27.977653050410357
27.991452517580505
28.005251984750657
28.019051451920806
28.032850919090958
28.046650386261106
28.06044985343126
28.074249320601407
28.08804878777156
28.101848254941707
28.11564772211186
28.129447189282008
28.143246656452156
28.157046123622308
28.170845590792457
28.18464505796261
28.198444525132757
28.21224399230291
28.226043459473058
28.23984292664321
28.253642393813358
28.26744186098351
28.28124132815366
28.29504079532381
28.30884026249396
28.32263972966411
28.33643919683426
28.35023866400441
28.36403813117456
28.377837598344712
28.39163706551486
28.405436532685012
28.41923599985516
28.433035467025313
28.44683493419546
