0.0
0
0
0
0
0
0
0
0
0
0
0
0
0
0
0
0
0
0
0
0
0
0
0
0
0
0
0
0
0
0
0
0
0
0
0
0
0
0
0
0
0
0
0
0
0
0
0
0
0
0.0
2.3160445710914203e-08
-2.3161026193260162e-08
0.0
0.0
0.0
0.0
0.0
-7.30299444253023e-08
0.0
-1.6783945803738822e-08
-7.784081024199668e-08
3.890982514470221e-08
0.0
0.0
-1.864522013728238e-08
1.0117373345106314e-07
9.28520429651739e-08
3.1175863817466605e-07
4.4281232135987553e-07
5.43599149512463e-07
1.4900445110907921e-06
2.2424245290907937e-06
2.2748902150122153e-06
2.4007441729809293e-06
3.0341086093420252e-06
1.909313267199542e-06
3.172102685447339e-06
4.194145890890593e-06
3.951895474237324e-06
5.37528443664516e-06
4.713466485844085e-06
4.26244261535659e-06
4.045996288532418e-06
3.258238424485713e-06
4.505637531218861e-06
2.5474407035656434e-06
1.4824385604002723e-06
1.884004962333075e-06
3.449188567315196e-06
8.583042438581546e-07
0.0
1.4934919962269265e-07
2.966973528163395e-07
6.232655160807609e-07
4.5885232136117454e-07
1.4901973205215308e-06
1.7659096683355144e-06
1.490977425143885e-06
1.258379525047376e-06
2.5588667167316308e-06
1.471471204259982e-06
1.6414207138956987e-06
2.243654151838548e-06
1.7949798250115016e-06
1.3692672527304253e-06
2.3208339694416032e-07
6.28204520781453e-07
7.930145002952779e-07
9.897610229971476e-07
5.617883225337194e-07
2.3641965941501915e-07
2.564827359306617e-06
3.6484658666985683e-06
3.099037828673321e-06
2.746189090260559e-06
2.985016147684046e-06
4.659661368083226e-06
6.468183570420693e-06
5.321022056474224e-06
4.797515817880041e-06
5.299109284812735e-06
6.861760125554252e-06
6.268128976839791e-06
6.1696595260651744e-06
3.994572287784077e-06
1.6580515626308205e-06
1.3116063700997613e-06
5.144358090651493e-07
8.44767756175938e-07
3.071947632848545e-06
4.184530621324872e-06
4.035831384488515e-06
2.8441239706297494e-06
2.1088581498277595e-06
1.9444358958705625e-06
3.2443644840209193e-06
3.913090438206237e-06
3.34063572494546e-06
5.542949024139034e-06
6.3622163642090625e-06
6.80389811492741e-06
5.159189951957943e-06
6.615458984666376e-06
5.993197212313776e-06
4.969430785604591e-06
5.922802253921369e-06
8.158473374119085e-06
8.533298132362306e-06
4.989851979146241e-06
6.5065560608215796e-06
9.03918394721443e-06
9.380664093676633e-06
1.0177331849018452e-05
1.0859794024866286e-05
1.3707779788270804e-05
1.2970240374898525e-05
9.823811194928362e-06
7.898540230151371e-06
9.054879965217912e-06
8.636683378251692e-06
7.842201000690337e-06
8.628045352558393e-06
9.596332228073048e-06
8.4561348156251e-06
8.520944970275323e-06
1.0436565481052014e-05
9.60589823033451e-06
8.268997296635934e-06
8.081221717040363e-06
7.424527884743251e-06
1.0039211360336456e-05
1.0023862358474918e-05
7.891027548792835e-06
9.636761818462076e-06
9.494081370695488e-06
8.8607387195045e-06
1.2822537236110472e-05
1.1253127779010914e-05
1.497645372379203e-05
1.5531533954987803e-05
1.629531590522535e-05
1.497247363068732e-05
1.3289253523711559e-05
1.2418074697653138e-05
1.21653725072863e-05
1.1500346108552419e-05
1.1367741175760904e-05
9.779202056747201e-06
9.519409559366818e-06
7.63972394643814e-06
5.3110034932676755e-06
5.544273658306879e-06
4.2813113440903645e-06
4.740196653391516e-06
3.6209259379787634e-06
7.098557820181033e-06
8.520460383130845e-06
6.228560401094238e-06
5.6428346578096985e-06
7.580396165505828e-06
6.4907533071956e-06
8.309703724671428e-06
8.96033641163373e-06
8.457405789924482e-06
1.105690584414512e-05
1.4536592942471259e-05
1.8481669112383493e-05
1.4308522926792752e-05
1.4663228260347537e-05
1.1940799983857508e-05
1.1800460412350874e-05
1.1957915692086229e-05
1.1369320167543747e-05
1.0486271469935469e-05
1.0138173036317481e-05
1.1930317687326121e-05
1.2972247220728654e-05
1.594932963431244e-05
1.7123702369717077e-05
1.6697859466487745e-05
1.5898405960949084e-05
1.5798366956519364e-05
1.4138574385375811e-05
1.325189201595753e-05
1.4924164801783197e-05
1.4933510320744986e-05
1.5182537028365965e-05
1.8950085419561035e-05
1.77852067046026e-05
2.1771749669078275e-05
2.160043372934932e-05
2.299461842716299e-05
2.205221271347697e-05
2.4362723254178222e-05
2.057257209444955e-05
2.0129270735732986e-05
1.9482274571363585e-05
1.8314707894832922e-05
2.2096676096970435e-05
2.3876843973296983e-05
2.1478741955714664e-05
1.850159553129628e-05
2.074327726798809e-05
2.0726282717868286e-05
1.712607149440471e-05
1.514679826528125e-05
1.2547790567727805e-05
1.4590182662595931e-05
1.4337909440869558e-05
1.5098129826021056e-05
1.4616770402929423e-05
1.1777232427920016e-05
1.2476585531444826e-05
1.2295562993362233e-05
1.3554495217135073e-05
1.5103186611959049e-05
1.806193818490361e-05
1.7320394719777785e-05
1.6275239708307903e-05
1.646352342902679e-05
1.814124718284765e-05
1.3851825131639877e-05
1.2028036699185361e-05
1.4039457191223331e-05
1.162833656966353e-05
9.413769047515794e-06
1.1767789477282057e-05
1.1813234050498666e-05
1.0871314504116733e-05
1.1859993386295092e-05
8.682261574195344e-06
5.93365637128135e-06
5.969031694834145e-06
4.317328545013229e-06
4.541346602471863e-06
6.248508049748466e-06
6.726093477398375e-06
6.056578332072019e-06
7.206181236607749e-06
5.601242318176502e-06
3.094877134927378e-06
1.9363318787059526e-06
1.7044372606896155e-06
9.332358118060604e-07
-7.607606574717575e-07
-1.9610259546918572e-06
-1.2002746020958104e-06
-6.123908979769579e-07
4.2386849984947823e-07
-6.35197579522839e-08
1.4761493016477385e-06
5.621578275237405e-07
-7.132839180753669e-07
3.8076080324188194e-07
1.3503291295411574e-06
4.996950502015946e-06
5.4088301559074205e-06
3.6404184426643335e-06
8.69274396885593e-06
9.862926271295422e-06
6.082552569552408e-06
5.694842688853503e-06
7.113593337164347e-06
7.052082755828421e-06
8.646487934726186e-06
9.754553821567445e-06
1.1572188304869494e-05
9.479758197624739e-06
6.85337431191805e-06
8.307011963478467e-06
9.172289281253262e-06
9.131778365189655e-06
8.23663532344231e-06
1.0534082563645478e-05
9.401298527255205e-06
9.91870351079772e-06
9.952962821761293e-06
9.044277380717847e-06
1.3970201129235923e-05
1.906135365977282e-05
1.827938032385961e-05
1.9110139198109465e-05
2.14034311648837e-05
1.9824348805334874e-05
1.9056546699009676e-05
1.649553114277129e-05
1.3582869892096569e-05
1.3786338453500203e-05
1.4682825308449504e-05
1.4944814348205561e-05
1.715279475636928e-05
1.569420441967476e-05
1.5739558976459117e-05
1.60340023397136e-05
1.9483510673598745e-05
1.5222951495144687e-05
1.508770730891453e-05
1.907603395839479e-05
2.1874809481908215e-05
2.116576046988015e-05
2.019475393197283e-05
2.3888155927398064e-05
2.0972570154149752e-05
2.4468304240669015e-05
2.1058839528934294e-05
1.9528866800420994e-05
1.7233251858953404e-05
2.0140128725816902e-05
1.886119769180722e-05
2.0136818913826217e-05
1.9916928255249986e-05
2.0212300817472496e-05
1.9245533492326934e-05
2.265510028021018e-05
2.2564338814547483e-05
1.9647035870275114e-05
1.8385482665779304e-05
1.6097370596955733e-05
1.663031700850105e-05
1.6132927725103262e-05
1.9121499397332585e-05
1.9946109743597858e-05
1.902224697475384e-05
1.3715526785882161e-05
1.5191412585967546e-05
1.7260999077825194e-05
1.3865316538674055e-05
1.6668508742542763e-05
1.9752399030370754e-05
1.8885165019150664e-05
1.6053301494103643e-05
1.6297462571338475e-05
2.164802095946868e-05
2.1517292469711214e-05
2.5252696201984312e-05
2.267871414413123e-05
2.4520891280313566e-05
2.2693832067293258e-05
2.768755280844405e-05
2.7592435150270278e-05
2.7003189091264777e-05
3.510123107603234e-05
3.284820513328529e-05
3.176896501460607e-05
2.8127338490962426e-05
3.0803394365825955e-05
3.156249451386605e-05
3.5746305143862983e-05
3.9687638058093646e-05
3.667929094163064e-05
4.049459362026237e-05
4.535372586383871e-05
3.9617337614882005e-05
3.791845877721467e-05
3.149242710160207e-05
3.43697481711322e-05
3.2443791146382606e-05
3.677616535516999e-05
3.7431957049751286e-05
3.983883677266495e-05
4.352922963030738e-05
5.14006415817175e-05
5.5217197786600855e-05
5.642159666618198e-05
5.252029136558247e-05
5.042946578241687e-05
4.890379030314222e-05
4.47743320836323e-05
3.675976118103463e-05
4.217326547588633e-05
4.741881129656831e-05
4.215872714558547e-05
4.070651017232611e-05
3.872941519171473e-05
3.3786820650002467e-05
3.2947557711256885e-05
3.184171632941378e-05
2.9401191040719555e-05
3.378053019349543e-05
3.5924201567977875e-05
3.431420059935229e-05
3.852061941608552e-05
3.74886398764766e-05
3.534185159835597e-05
3.649632588125344e-05
3.479862510545935e-05
3.2051355380289394e-05
2.6971025381383698e-05
2.8588382129041956e-05
2.6479289842931074e-05
2.8295129376565558e-05
2.816233525056645e-05
2.9662447334047407e-05
3.2456162549102503e-05
3.161959227823021e-05
2.8308285718281754e-05
2.108618294602531e-05
1.9165936159289032e-05
2.0052844406228466e-05
1.8282052501110168e-05
1.2469424182325677e-05
1.586152773001423e-05
1.395452361748286e-05
1.7236615830793392e-05
1.996578552802407e-05
1.7518080733392967e-05
1.8773114482903407e-05
1.4500344794445469e-05
1.7709199178168014e-05
1.9852591803195085e-05
2.163257853674967e-05
2.0231220763168654e-05
2.114758026962347e-05
2.0197853787549062e-05
2.0676415479304823e-05
2.4195146770438205e-05
2.0122587799518465e-05
1.561068196439143e-05
1.2973372125479561e-05
1.2500248995586906e-05
1.2736452891919806e-05
1.3229269325552999e-05
1.2562244791596311e-05
9.851361165519593e-06
9.915175335113608e-06
1.224816628935685e-05
1.1236596928554367e-05
1.0160688449194802e-05
1.1977909348913024e-05
1.014915626259525e-05
1.408446389125358e-05
1.7730396849823075e-05
1.8731239393903322e-05
1.4907500756935087e-05
1.5315398149122404e-05
1.3741611095198618e-05
1.614523698005309e-05
1.158748299369145e-05
1.248779849331916e-05
9.878617564618943e-06
9.716821360984699e-06
7.516569268379024e-06
4.280486853272621e-06
3.986936724107743e-06
4.409962522858882e-06
2.1517015541290755e-06
2.087331813442827e-06
1.4512422097106186e-06
2.4002986465429563e-06
2.417684119707667e-06
2.914420029753895e-06
1.6908161489158443e-06
4.136781636955041e-06
5.1124884231527774e-06
5.852917495081628e-06
3.215078582577014e-06
3.7873171794905895e-06
4.0024838626596255e-06
4.465743007226823e-06
5.234701180121454e-06
6.107518930547436e-06
5.350932655957889e-06
4.227074049959733e-06
5.651575898577868e-06
5.091730597141155e-06
1.0478533867993423e-05
9.179770518538332e-06
1.0158187347768294e-05
1.1701670827966291e-05
8.646029470814942e-06
6.638620465525642e-06
6.5282831417746484e-06
8.645304987300302e-06
9.66923552695864e-06
9.352697145459516e-06
6.135833522597937e-06
7.26099836101983e-06
5.815460695501334e-06
6.0365000064286655e-06
6.93394920064311e-06
7.4290366583621245e-06
7.816258816684502e-06
1.0662736828836125e-05
1.138691022307737e-05
8.238620461725312e-06
9.106691282866935e-06
1.0591157421786202e-05
1.1469840118961989e-05
1.110615401396108e-05
1.3192078516996593e-05
1.2233917227053673e-05
1.3975050759383227e-05
1.561469296718636e-05
1.6509278235843576e-05
1.6609046745608205e-05
1.5877667028287263e-05
1.6823538755664807e-05
1.3539836905015404e-05
1.4447716403339094e-05
1.2810545151316687e-05
1.2393232224973544e-05
1.237308814666652e-05
1.0876310791727864e-05
9.626535604705804e-06
6.803018140904954e-06
4.9373895030562355e-06
2.068049696812097e-06
4.984638359454066e-07
0.0
8.155899256738871e-07
3.435712108657786e-06
1.2370385520741362e-06
0.0
0.0
1.1819329487460816e-06
1.5564197328361147e-06
9.60419650562485e-07
4.7438441607399226e-06
1.2824031253617595e-06
3.3936356872646935e-06
3.4660458919366385e-06
4.032232306592768e-06
3.979551534490288e-06
5.1849398705565355e-06
7.1068381585953015e-06
7.059222642117549e-06
1.0019863652530807e-05
1.1315326388713351e-05
1.3350414432030022e-05
7.856280938610375e-06
8.415324377591672e-06
5.9977529185880154e-06
3.6091706567368136e-06
5.003128753764484e-06
6.2798375583544745e-06
8.754969598060001e-06
7.328546653875051e-06
9.856880910017959e-06
9.505466083593988e-06
7.467101554516905e-06
8.38753383319911e-06
9.934341082219892e-06
1.0530240765233128e-05
9.090175729017493e-06
9.557097686980208e-06
1.2328183723538276e-05
1.3189575710594896e-05
1.0639596413511325e-05
1.02694888388283e-05
9.991043864614643e-06
7.246244550469581e-06
5.099753254066213e-06
4.790928719536912e-06
3.960051054336853e-06
7.241915355760597e-06
7.24897513754559e-06
7.145577806509005e-06
3.2826646818333915e-06
4.477736240259329e-06
2.6461894392541104e-06
3.1895521510994142e-06
4.404866490464995e-06
3.6955813589783533e-06
3.2471077101295452e-06
2.581195982712817e-06
3.2818735692215597e-06
2.982169070514504e-06
1.9168850378875326e-06
1.581201021604919e-06
6.623687130466982e-07
1.401503131065011e-06
1.2835229530756816e-06
8.949052470845674e-08
-2.2793991468212746e-07
4.745986030200496e-07
1.127402065376336e-06
7.547277385069935e-07
1.1548118804647088e-06
8.952479527711329e-07
8.171478479726617e-07
5.415722711267027e-07
8.795650577432344e-07
9.114961687533714e-07
1.3271319659380107e-07
6.540015355405155e-07
6.402128889882868e-07
3.4547246185647076e-07
8.811749298086985e-07
7.028371345629007e-07
1.250843241520004e-06
6.127186416848113e-07
7.372135042957528e-07
0.0
6.098999241992414e-07
5.040222511659638e-08
0.0
0.0
0.0
0.0
7.387160205511813e-07
3.1936885688649506e-07
4.6150148767572497e-07
0.0
1.5965499801415265e-07
2.0385463935590406e-07
1.221276291535921e-06
6.835454145470484e-07
1.3508640751614162e-06
0.0
0.0
0.0
1.5822903024872896e-07
0.0
4.951807931327222e-07
0.0
1.7722662156116864e-06
1.4465082552935929e-06
3.40326090125022e-07
0.0
0.0
2.2712853224677016e-06
2.0135747649351845e-06
0.0
5.267196937102862e-07
0.0
9.394497722975228e-07
1.7805645601558317e-06
3.591763358569214e-07
2.077039511315825e-06
3.596338261209877e-06
2.908635205315056e-06
4.325432506841542e-06
5.407976974361911e-06
7.16313445420802e-06
1.2317162813681471e-05
1.4053172143754925e-05
1.2933822844795525e-05
1.2862708661284693e-05
1.2401918016064815e-05
1.0016736049820071e-05
1.2852278123638672e-05
1.34202939822749e-05
1.4871928991316557e-05
1.2890029092622825e-05
1.354750789827136e-05
1.3546103779778584e-05
1.317797464767976e-05
1.1676493915079844e-05
1.2189783249082532e-05
1.2572466101857442e-05
1.5047757572235162e-05
1.7177789317554376e-05
2.045947525122793e-05
1.891323855928471e-05
1.6020060028164913e-05
1.7631610724256026e-05
1.8524013281556977e-05
2.1044683207712003e-05
2.3795541687345632e-05
2.1058640807739565e-05
1.803762118170633e-05
2.5486868514968802e-05
2.8616860727864652e-05
2.5981691668314753e-05
2.22322105987577e-05
1.604891113556362e-05
1.197874460442261e-05
1.0550916439915929e-05
1.175477133333425e-05
7.89546420907838e-06
1.4195352751495324e-05
1.5548742068733577e-05
1.3101650978482818e-05
1.1698677769589913e-05
1.3767316084059948e-05
1.4166255368735226e-05
1.3864747661321012e-05
1.232672419177454e-05
1.434226315740846e-05
7.752188621500334e-06
4.409560780566729e-06
4.334346516003088e-06
3.973484381301162e-06
3.002689396984764e-06
2.0919474447911203e-06
6.622435194382725e-08
0.0
2.641965306162847e-06
2.3459528458016765e-06
5.306964694605362e-06
3.501650280872151e-06
3.0944515052809836e-06
1.6366331509100953e-06
2.3022073741643604e-06
2.3269540047298387e-06
1.964097789544409e-06
2.385116229546021e-06
5.370379880399361e-06
2.0895693049579133e-06
2.4774006559329413e-06
5.199688865463244e-06
2.69739500533725e-06
3.271015718813892e-06
2.7090579298926446e-06
6.965177351572503e-06
1.0299043388492342e-05
1.2092390526321281e-05
1.2939806348209255e-05
9.591689358647902e-06
9.84577306367686e-06
1.167458696233083e-05
1.644208848746452e-05
1.1329246413176252e-05
9.755151580592505e-06
1.1518404666184192e-05
1.2607628257691681e-05
8.735415954639563e-06
9.491787585753897e-06
1.0170538169607691e-05
1.290263042307444e-05
7.598830602840564e-06
7.889781464291298e-06
4.070442357698777e-06
7.309561561418548e-06
4.713748569153907e-06
5.870009465658698e-06
4.3485627726893216e-06
5.574750217256126e-06
5.7978888155308565e-06
6.305576491431865e-06
9.569349773282523e-06
1.1249755478391693e-05
1.3966963717088951e-05
1.8522073175298103e-05
2.4193165079947925e-05
2.4549285180806624e-05
2.4427418071836714e-05
3.241379974395961e-05
3.256341991048588e-05
3.352053587698843e-05
3.0668426828653834e-05
2.649173989521798e-05
2.62990347539141e-05
1.904425906025249e-05
2.5267841672043714e-05
1.6334868236215945e-05
1.530649632134867e-05
1.1011529306489167e-05
9.631052114925207e-06
7.858593002722945e-06
6.520502395649128e-06
1.1258560503142061e-05
7.5260791293212404e-06
6.520841434405354e-06
7.541577682595441e-06
1.0763914696631572e-05
7.697729178835266e-06
9.216054177785638e-06
4.678891588312209e-06
3.863707365291209e-06
4.557694407382152e-06
3.425347273052153e-06
6.229162500645164e-06
7.955534890427677e-06
9.44204522845448e-06
1.2323486940336594e-05
1.4698860425376576e-05
1.4984778650540154e-05
1.707119876026176e-05
1.3853964984631227e-05
1.541830899902227e-05
1.6077340423283294e-05
1.1020014926257836e-05
9.858044397912788e-06
1.1756741883286258e-05
1.1959708856374112e-05
1.4849991162677044e-05
1.395529238080066e-05
1.571767904789569e-05
2.1242940909657402e-05
1.9977222430136496e-05
2.3651127654435905e-05
2.2241488268437854e-05
2.4069364005363042e-05
2.234032884123206e-05
2.4110476277808043e-05
2.3796638960387178e-05
1.884647264840946e-05
1.5185289325982788e-05
1.8602501775818127e-05
2.0145815300144885e-05
2.0796683373843152e-05
1.5009205577585032e-05
1.3511798853401862e-05
1.5671613080723415e-05
1.224652090595245e-05
1.2532891295546775e-05
1.0994871748376309e-05
1.107351948264337e-05
8.103392943503064e-06
1.0652795975380786e-05
9.551893296264791e-06
1.1024948755830966e-05
1.3118121466942621e-05
1.1718893555968132e-05
1.3843489812407723e-05
1.4561576827375085e-05
1.4646586025740889e-05
1.3193189165832005e-05
1.332965883271236e-05
1.5370348510986844e-05
1.584685447312526e-05
1.4965844640448337e-05
1.6426340746020326e-05
1.284561661662894e-05
1.1118751016534693e-05
1.3074977230424717e-05
1.264624932506423e-05
1.3149110010722754e-05
1.3349529508813326e-05
1.4995480648834711e-05
1.4585675690123863e-05
1.605195761182151e-05
1.998418301892233e-05
2.1813159706211146e-05
2.38759840934406e-05
2.5301671424526675e-05
2.8302601956995962e-05
2.7873516912618394e-05
2.7497289922457005e-05
2.550224136100306e-05
2.9984418909676702e-05
3.285499809436687e-05
3.168460403632992e-05
2.924082483482541e-05
3.212129023932357e-05
2.6677698757550342e-05
2.6128708347845387e-05
2.811364423408543e-05
2.7594532774539198e-05
3.13778461814715e-05
2.6239781703028405e-05
2.605514711522155e-05
2.263194025641362e-05
2.4912860191727402e-05
2.749189622707401e-05
2.8372747431818063e-05
2.986340361960153e-05
2.5672566422878728e-05
2.5228579918243475e-05
2.1134276383213765e-05
2.2844268226609174e-05
1.9518819101273843e-05
2.120266319998748e-05
2.1789975871962833e-05
2.1443266630675148e-05
2.0689221248739708e-05
2.147654021890989e-05
1.975100682722404e-05
2.079838867125308e-05
2.188259306849891e-05
2.3124164077188323e-05
2.0556357373643158e-05
2.1753826758706343e-05
2.3163550245954976e-05
1.8974016468113973e-05
2.0745640011988897e-05
2.0379762571751573e-05
1.5839114018082992e-05
1.1815473270801023e-05
1.2539680407855136e-05
1.2511517423287196e-05
1.2772526310408135e-05
1.6393254767334735e-05
1.8522966653066725e-05
2.0391566165622226e-05
1.86469529995788e-05
1.8319161694534913e-05
1.546907101279159e-05
1.9154775126361236e-05
1.9380273734427717e-05
2.110118712565863e-05
2.757288695429397e-05
2.5176970798370665e-05
2.365415509927967e-05
1.99578432904423e-05
1.728896914690031e-05
1.987141083320989e-05
2.3270884265331282e-05
2.337574847701196e-05
1.8053051219079523e-05
2.4659971943341435e-05
2.2656520714042148e-05
1.4675255146761482e-05
1.6974634078501358e-05
1.4020640729246514e-05
1.8071198954991344e-05
2.1084173761002257e-05
1.964609743476714e-05
1.6288816952174743e-05
1.5533633176613857e-05
1.6387511511674208e-05
1.534969803069249e-05
1.4653914908278429e-05
1.908455582165723e-05
2.197035661513958e-05
2.0722178947093972e-05
2.0454610672388218e-05
1.9778650561538447e-05
2.2412749635466916e-05
2.443368721755766e-05
2.432513133536804e-05
2.7551747911323816e-05
2.9687100126835976e-05
2.7813868824436457e-05
2.3278643374032736e-05
2.6307685474366346e-05
2.3419962001534507e-05
2.6192280828215265e-05
2.760627983049272e-05
2.478746571727566e-05
2.5272722005532324e-05
2.4076394495576137e-05
2.1139973545226394e-05
1.8000670967991342e-05
2.3723465791811375e-05
1.925528102132359e-05
1.8060590337947125e-05
1.440062426825478e-05
1.8451354655697303e-05
1.67466480440631e-05
1.7543205820570322e-05
1.140518627723208e-05
1.0314691120644939e-05
1.4403673437997232e-05
1.7345401156063067e-05
1.681406191105737e-05
1.5928754915042344e-05
1.4047832703510372e-05
1.5307291706785115e-05
8.456784821852285e-06
9.600929252369719e-06
8.276684140538928e-06
6.475855890937488e-06
2.991516354723099e-06
2.5562989002102923e-06
1.7332755008755615e-06
0.0
0.0
4.949760755078751e-06
8.067546424441574e-06
7.241734297286751e-06
9.079121307636664e-06
9.102597100687293e-06
9.86945049804454e-06
1.3766655527888607e-05
1.0964741648339452e-05
5.518615206051476e-06
1.264372051915939e-06
0.0
0.0
0.0
0.0
0.0
0.0
0.0
3.8735874699463796e-06
1.757945185127938e-06
3.194638180422192e-06
0.0
1.7685037616953127e-06
1.4818855298465822e-06
4.679486209331547e-06
2.2263686228206206e-06
0.0
0.0
0.0
0.0
9.1891668607482e-07
5.512060476642621e-07
2.463604561526904e-06
0.0
1.4552963250511863e-05
2.2537996609494764e-05
2.0342221069774523e-05
1.9189755898401065e-05
1.7003044691797466e-05
2.142371591533168e-05
2.6243366033827207e-05
2.3190106098705024e-05
2.176263155694314e-05
2.3655322123777897e-05
2.829267499531591e-05
2.1975700429565773e-05
2.5211320821396636e-05
2.556143137080225e-05
2.2025533020181988e-05
1.778387663086059e-05
1.2504179584617724e-05
1.0281744812123808e-05
6.7967882800543335e-06
0.0
0.0
3.0982234503077704e-07
0.0
0.0
2.7235445814670447e-06
0.0
0.0
2.3806696557883616e-06
1.507084311019987e-05
1.6364119163971887e-05
1.487278908368505e-05
2.4232052679912815e-05
1.4401851329104119e-05
1.7558802949302686e-05
1.8691079348848643e-05
1.706262263827654e-05
1.5935910964667346e-05
1.3337455432142348e-05
1.5774439810617147e-05
1.5424983453139746e-05
1.843168228705253e-05
1.277441505200504e-05
1.476519529244268e-05
8.482672401423036e-06
1.7248651359856607e-05
1.2118861777669455e-05
1.3544817794262828e-05
1.6814142880543377e-05
1.3470099672317136e-05
1.142071567844356e-05
2.671639522505318e-05
3.447070316678484e-05
2.906551195066287e-05
2.3298032532498952e-05
2.138126727049883e-05
2.768446563670278e-05
4.047981255855543e-05
4.598898718957001e-05
4.2852502968771425e-05
4.2567966256405604e-05
3.544997514554398e-05
4.364883300399665e-05
4.854057765560847e-05
5.442536664852917e-05
5.1960460084001534e-05
4.852197538057118e-05
6.261665254665241e-05
6.400827521298713e-05
5.99863055690199e-05
5.220210340430029e-05
5.1178370428881305e-05
5.048136009567176e-05
4.566281217041268e-05
4.646296623287406e-05
4.929967862074798e-05
4.539094490193681e-05
3.360919003157083e-05
3.972146465900759e-05
2.881794111620185e-05
3.236776778993141e-05
3.962601413999505e-05
4.957528117412016e-05
5.548275245279758e-05
5.5180205714800104e-05
5.981451533358907e-05
6.6317837463837e-05
5.9557545047000215e-05
6.0206051648551476e-05
7.256969372812071e-05
7.866630895727576e-05
8.282832055796491e-05
7.660647456890484e-05
7.832553569258023e-05
6.688310617392161e-05
6.312377267003669e-05
6.210381555728024e-05
5.428207143110616e-05
5.050145026135333e-05
5.941490204194773e-05
5.3355421553800236e-05
5.035782720762705e-05
4.915373701539982e-05
5.93504497770582e-05
5.892107304273065e-05
6.177134911805363e-05
6.122254752138009e-05
6.56009317164431e-05
7.206906126051637e-05
7.394409536485251e-05
6.768976927261278e-05
6.588668393526949e-05
6.950343855082295e-05
7.964460818493324e-05
7.458468134161737e-05
6.504190415718658e-05
7.095034608254262e-05
7.15423353851009e-05
7.019595750999932e-05
6.375093022009574e-05
5.997905208911346e-05
5.7844177249577616e-05
5.069604638556694e-05
5.902374155826361e-05
5.8804874789486924e-05
5.447034301891384e-05
5.086696965986788e-05
4.740810733444855e-05
3.757211621769491e-05
3.572987847866365e-05
2.6273683753166995e-05
3.020929489231353e-05
3.36540331930889e-05
4.018559358557266e-05
4.2611939257867964e-05
4.1391380932014675e-05
3.9775917523735724e-05
3.52473857837357e-05
4.4676105223296483e-05
3.71458757061092e-05
3.7250685749017254e-05
2.8685967346904847e-05
4.144337496951439e-05
3.270224441070299e-05
3.243599995545889e-05
3.6046107555316866e-05
3.176278145299312e-05
3.589202120491571e-05
3.478345766608318e-05
3.3987322674613136e-05
3.538653840244938e-05
3.132454630068938e-05
2.5379927902561037e-05
2.888687423827022e-05
3.537934145648294e-05
3.706436593144627e-05
3.323305613459968e-05
2.6692238704798394e-05
3.871073799786754e-05
4.661388459913235e-05
4.441437004765567e-05
4.839209365760914e-05
4.204438040090969e-05
3.877731997785193e-05
3.3324067163853616e-05
3.06393874105438e-05
3.430171039394502e-05
3.3571960984510976e-05
3.772153232844394e-05
3.160677597344171e-05
2.6461135643038332e-05
2.2131186036151296e-05
2.2330107334105496e-05
2.386890154111086e-05
2.083489724459485e-05
1.7574472961065418e-05
1.4947217727744374e-05
1.3530958166528608e-05
3.173993452518967e-05
6.0294789248732655e-05
0.00010900759803604914
0.00016720158234534584
0.00022530451309995302
0.00028033939829080897
0.0003547153537746528
0.0004229834765977636
0.0005171049975093872
0.0006395921789125279
0.0007701351961858881
0.0009647833448108776
0.001121493753395608
0.0013022362321734873
0.0015681535540541043
0.0016999730795466807
0.0019054601717102852
0.001981394061736398
0.0021108911931196125
0.002277133026976383
0.002471955154958467
0.002541879265430459
0.0027782052331258244
0.002860971570436155
0.0031480933294610698
0.0035906089611396994
0.0038130997954404526
0.003983225825351886
0.004349468226859231
0.004644135690053727
0.004876188376917798
0.005470959386996362
0.005536041424046078
0.005791029983285063
0.0063917289473849484
0.0068035367989007925
0.007157292268067407
0.007244497852661335
0.007491193060623309
0.007497357015204426
0.007570287748135691
0.007950556479206837
0.00819027300529805
0.008963821981247027
0.009183037940463075
0.009632100564892367
0.010097812541124055
0.009623439887577677
0.010088053328892642
0.01041263130221933
0.010406224092946687
0.010986886386295436
0.011245466785355004
0.011374175804688233
0.011675187482739532
0.012336561742760141
0.013283139506974826
0.014014514148363005
0.01391473346570551
0.0144553152467939
0.014978161780321634
0.014954034353963641
0.015287280034560027
0.015488274955704134
0.015048974694739592
0.015185577673107452
0.01596611448662136
0.016620064952479675
0.016536932418066603
0.01691787137872005
0.017315538826686114
0.017321434143252473
0.01810180559060601
0.01878136822480887
0.01947189284262626
0.019728965808815068
0.019910002727822975
0.020779641641960302
0.021297708738785046
0.02293938790944427
0.02324243880624239
0.02344863597893461
0.024547525285547152
0.024945322812768296
0.025433943670450838
0.025912315344107806
0.026786466692482407
0.027869050650314645
0.027095916838445026
0.027278078074876717
0.028145711304994617
0.02902850437814784
0.029368186691384506
0.03043540633900308
0.03206588574169643
0.03166288159525724
0.03270181079947679
0.033424659537910156
0.03561671448574501
0.036660604420448335
0.037824486552786904
0.03807995182950142
0.037299201561500975
0.038322931850013724
0.038485112660710585
0.0386807001280258
0.0398176925295949
0.040764152440666855
0.04079740632078049
0.040889475676040184
0.04123223468665091
0.041794736016737735
0.04184272530781361
0.04312503543456136
0.04251063363901436
0.04287735203094414
0.04454313024613657
0.04378756849780563
0.045835820576458144
0.04685636705400955
0.047034294506932514
0.0459341559086997
0.045695290141970386
0.04739590843566727
0.04739343787935117
0.04697334141889944
0.04779548579296583
0.047830058276691144
0.04854212264156968
0.04931399088783883
0.05030699261814327
0.05091258221905945
0.051716851508594126
0.051988747203993275
0.05114589219276441
0.049544465102676655
0.048483981877150924
0.050185174243717996
0.05127095449146998
0.05236022458355837
0.05183391858623045
0.05420088208571397
0.05558410461510316
0.05683640819874727
0.058596192805554136
0.058963656435261205
0.05810064632009756
0.05729938475521034
0.05625439551000816
0.056347525334262905
0.058644271815799606
0.059166331970564735
0.0619224326696734
0.0619807793486062
0.06053911797092398
0.057796302065696435
0.05926246466315334
0.058552297099384545
0.057751546454845155
0.058729990171716866
0.05803511809369104
0.05693185324350522
0.05747953793734807
0.05831705415117573
0.05913814401763056
0.05958971881718459
0.05979022747506156
0.06070755156814578
0.0633952728710429
0.06438615964645059
0.0639692772864834
0.06650855380516016
0.06592975770873581
0.06636130440689836
0.06476008296857896
0.0669095319696402
0.0665382149398355
0.06919850398448305
0.06769059878947645
0.06626562697947837
0.0655384046038761
0.06561601596416405
0.06594125339768367
0.06708975769615398
0.06366255299025814
0.0666297272390704
0.06717943381503959
0.06992986249142599
0.06822183123201293
0.06737926497343802
0.06966887630832826
0.0671659568813703
0.07219974715624372
0.0718517076030113
0.07338068020275457
0.0736087875533359
0.07409909411190552
0.07742995836253966
0.07922850650764858
0.0796391416960432
0.08022101584657663
0.08199211341364658
0.08270098754176695
0.0818306912582976
0.08327464745370022
0.08478625663541867
0.08671698535881733
0.08231499199100506
0.08229464001482177
0.0857589469526832
0.08465127389409977
0.08342077734300234
0.08634040840003686
0.08708991949551899
0.08837084953249592
0.08955121843133557
0.09158836040286261
0.09373471035587659
0.09594340979414641
0.09688235729547105
0.09564984756742054
0.0939058498301698
0.08980955987400248
0.08709812865932696
0.08750101180166026
0.08693539263418638
0.08773466778058402
0.0889199984465776
0.09075518439373631
0.09099829870567835
0.08832650030593768
0.08782507494522966
0.08723483090463593
0.08762846511221026
0.0858886711437913
0.08564753394506044
0.08145343737953172
0.0807366301548577
0.07916181045956935
0.07943512552155757
0.08087137283053968
0.08037628615789745
0.08251290654488753
0.08247240212766221
0.08459707943760769
0.08021555395423423
0.07785853796118729
0.0785225780710744
0.07738874687629853
0.07760361649605846
0.08044173311030484
0.08028502310300793
0.07840632168209012
0.07660059295986672
0.07505020090772206
0.07430201918936533
0.07363069970619858
0.07548828122657666
0.0767362326404611
0.07896289524479956
0.08207848045001427
0.08137577213946258
0.07933861262050923
0.08062001200908352
0.0797853570336387
0.08343304942405122
0.08674701189685835
0.08724001622121871
0.08730651837453803
0.08768288776525149
0.09205489577412787
0.09276375296086009
0.09079330429352686
0.0906356792060999
0.09509960785992512
0.09808921167535567
0.09625764021944598
0.09718818591566727
0.09951638000724082
0.10211634086813182
0.0987123591880234
0.10127912480276757
0.10134440603091209
0.10406553423476968
0.1063994441397083
0.10930906056090274
0.10949887878138816
0.1117216768585067
0.11130720696584427
0.11183395024782987
0.11279123945440514
0.1123131017789262
0.11366624649189977
0.11490115166836887
0.11595509872027794
0.11557997540952568
0.11931944089606161
0.1163251180028202
0.12018734643963833
0.12581308111936024
0.12453052206836834
0.12423239095612429
0.12083423152359055
0.1216338679624196
0.12255414321708732
0.12174554844684628
0.1193813422431815
0.11803668439750653
0.11706263607082674
0.11547914789905996
0.11291929521681272
0.11809787743727876
0.11582040297435457
0.1134296250037813
0.11670215916117663
0.11134714864343137
0.10647275439632693
0.1066133302579304
0.10908724367363361
0.10994150492240758
0.1068394499581555
0.10806569374232608
0.10755950148737616
0.10640211762439546
0.10715351425911743
0.11107146500431504
0.11011037523501235
0.11040925639338665
0.11033368720220652
0.11112023073762593
0.11061420334632019
0.11196166205029574
0.11421591134625766
0.11376215499121119
0.11741892506640647
0.11462842666566941
0.11200304529041814
0.11393368307616848
0.11457759854233054
0.11284456144930465
0.11093768309861343
0.11331655020924707
0.1161138451796166
0.11873704664608382
0.11925078275152017
0.11631311126738955
0.11811909149422689
0.11999897072399487
0.11907202249068816
0.1274175823044657
0.1278163578367454
0.13258322276294704
0.13293516065176803
0.1338160804306689
0.13369177451026232
0.1324337110996018
0.1362904771986061
0.13990707769035976
0.14475001991145306
0.1466531616970309
0.14465897747135972
0.14944756397327483
0.1447721682008988
0.1503971953207127
0.14995094119339764
0.15415370885014346
0.15182587464493977
0.1558148354364314
0.15420331775548085
0.15642931017780493
0.15732069010949798
0.16247815760903447
0.16013522696325308
0.16247922680085472
0.1615518521311578
0.1597472050738809
0.1573664429464293
0.15589728031925978
0.15768133175590676
0.16339987026494895
0.16406673696731092
0.1615208466686194
0.16088068479307208
0.1593056305503754
0.15664384229938735
0.16162706361678303
0.1632835040354414
0.16264407209311404
0.15975287382164058
0.15689273733385734
0.1584487821778901
0.16011092717637493
0.16298275986196412
0.1649756204102065
0.163534098676268
0.16407669265631503
0.16044275072390127
0.166385199840288
0.16177812037047615
0.1649047039051838
