0.0
0
0
0
0
0
0
0
0
0
0
0
0
0
0
0
0
0
0
0
0
0
0
0
0
0
0
0
0
0
0
0
0
0
0
0
0
0
0
0
0
0
0
0
0
0
0
0
0
0
0.0
0.0
0.0
0.0
0.0
0.0
0.0
0.0
0.0
0.0
0.0
0.0
0.0
0.0
0.0
0.0
0.0
0.0
0.0
0.0
0.0
0.0
0.0
0.0
0.0
0.0
0.0
0.0
0.0
0.0
0.0
0.0
0.0
0.0
0.0
0.0
0.0
0.0
0.0
0.0
0.0
0.0
0.0
0.0
0.0
0.0
0.0
0.0
0.0
0.0
0.0
0.0
0.0
0.0
0.0
0.0
0.0
0.0
0.0
0.0
0.0
0.0
0.0
0.0
0.0
0.0
0.0
0.0
0.0
0.0
0.0
0.0
0.0
0.0
0.0
0.0
0.0
0.0
0.0
0.0
0.0
0.0
0.0
0.0
0.0
0.0
0.0
0.0
0.0
0.0
0.0
0.0
0.0
0.0
0.0
0.0
0.0
0.0
0.0
0.0
0.0
0.0
0.0
0.0
0.0
0.0
0.0
0.0
0.0
0.0
0.0
0.0
0.0
0.0
0.0
0.0
0.0
0.0
0.0
0.0
0.0
0.0
0.0
0.0
0.0
0.0
0.0
0.0
0.0
0.0
0.0
0.0
0.0
0.0
0.0
0.0
0.0
0.0
0.0
0.0
0.0
0.0
0.0
0.0
0.0
0.0
0.0
0.0
0.0
0.0
0.0
0.0
0.0
0.0
0.0
0.0
0.0
0.0
0.0
0.0
0.0
0.0
0.0
0.0
0.0
0.0
0.0
0.0
0.0
0.0
0.0
0.0
0.0
0.0
0.0
0.0
0.0
0.0
0.0
0.0
0.0
0.0
0.0
0.0
0.0
0.0
0.0
0.0
0.0
0.0
0.0
0.0
0.0
0.0
0.0
0.0
0.0
0.0
0.0
0.0
0.0
0.0
0.0
0.0
0.0
0.0
0.0
0.0
0.0
0.0
0.0
0.0
0.0
0.0
0.0
0.0
0.0
0.0
0.0
0.0
0.0
0.0
0.0
0.0
0.0
0.0
0.0
0.0
0.0
0.0
0.0
0.0
0.0
0.0
0.0
0.0
0.0
0.0
0.0
0.0
0.0
0.0
0.0
0.0
0.0
0.0
0.0
0.0
0.0
0.0
0.0
0.0
0.0
0.0
0.0
0.0
0.0
0.0
0.0
0.0
0.0
0.0
0.0
0.0
0.0
0.0
0.0
0.0
0.0
0.0
0.0
0.0
0.0
0.0
0.0
0.0
0.0
0.0
0.0
0.0
0.0
0.0
0.0
0.0
0.0
0.0
0.0
0.0
0.0
0.0
0.0
0.0
0.0
0.0
0.0
0.0
0.0
0.0
0.0
0.0
0.0
0.0
0.0
0.0
0.0
0.0
0.0
0.0
0.0
0.0
0.0
0.0
0.0
0.0
0.0
0.0
0.0
0.0
0.0
0.0
0.0
0.0
0.0
0.0
0.0
0.0
0.0
0.0
0.0
0.0
0.0
0.0
0.0
0.0
0.0
0.0
0.0
0.0
0.0
0.0
0.0
0.0
0.0
0.0
0.0
0.0
0.0
0.0
0.0
0.0
0.0
0.0
0.0
0.0
0.0
0.0
0.0
0.0
0.0
0.0
0.0
0.0
0.0
0.0
0.0
0.0
0.0
0.0
0.0
0.0
0.0
0.0
0.0
0.0
0.0
0.0
0.0
0.0
0.0
0.0
0.0
0.0
0.0
0.0
0.0
0.0
0.0
0.0
0.0
0.0
0.0
0.0
0.0
0.0
0.0
0.0
0.0
0.0
0.0
0.0
0.0
0.0
0.0
0.0
0.0
0.0
0.0
0.0
0.0
0.0
0.0
0.0
0.0
0.0
0.0
0.0
0.0
0.0
0.0
0.0
0.0
0.0
0.0
0.0
0.0
0.0
0.0
0.0
0.0
0.0
0.0
0.0
0.0
0.0
0.0
0.0
0.0
0.0
0.0
0.0
0.0
0.0
0.0
0.0
0.0
0.0
0.0
0.0
0.0
0.0
0.0
0.0
0.0
0.0
0.0
0.0
0.0
0.0
0.0
0.0
0.0
0.0
0.0
0.0
0.0
0.0
0.0
0.0
0.0
0.0
0.0
0.0
0.0
0.0
0.0
0.0
0.0
0.0
0.0
0.0
0.0
0.0
0.0
0.0
0.0
0.0
0.0
0.0
0.0
0.0
0.0
0.0
0.0
0.0
0.0
0.0
0.0
0.0
0.0
0.0
0.0
0.0
0.0
0.0
0.0
0.0
0.0
0.0
0.0
0.0
0.0
0.0
0.0
0.0
0.0
0.0
0.0
0.0
0.0
0.0
0.0
0.0
0.0
0.0
0.0
0.0
0.0
0.0
0.0
0.0
0.0
0.0
0.0
0.0
0.0
0.0
0.0
0.0
0.0
0.0
0.0
0.0
0.0
0.0
0.0
0.0
0.0
0.0
0.0
0.0
0.0
0.07437232824396212
0.17577071233584007
0.20301468754723473
0.2292819474036687
0.2524407109785489
0.27667821564337736
0.30305125413437395
0.3294491163218982
0.3546409418085581
0.37735166817791743
0.40606165897544777
0.4314834150728277
0.456652603060002
0.48107615815827565
0.5080681706346084
0.5351679648557415
0.5619957889825837
0.5883904437819787
0.6146824012891035
0.642203687256389
0.6654829703329614
0.6878440478080119
0.7114428208710564
0.7368734643352681
0.7564298593892786
0.7806592437753679
0.8093278215674378
0.8394234613969473
0.864568792394028
0.8951306134925527
0.9233554958283747
0.9531016527178711
0.9806903614157907
1.0080647857719018
1.0357886917362862
1.0610696205458243
1.0886558268918662
1.1158769390611152
1.1394363287503033
1.1686336324609545
1.1988735008780385
1.2255755116742328
1.2521578656197132
1.2757741867704642
1.3029956435040617
1.3260718269720524
1.3545276017013528
1.3786064278727768
1.4047974781103765
1.4270123863897677
1.454915181337876
1.4786253376343517
1.5043194394083326
1.5291054244538547
1.5552992316807082
1.5811702093096969
1.6071825397250041
1.630030692741883
1.653812900135291
1.678545239062215
1.6988812945803957
1.7232712264824865
1.7518218304973647
1.7761511569785196
1.8030825112711852
1.831233764936286
1.8527043382237451
1.8784457353464195
1.9091037693143385
1.9302992956547307
1.9604606096228743
1.988937783073407
2.0127816517102577
2.037213597916031
2.065844415909016
2.0918455078439493
2.113413079393281
2.1441574324143478
2.1727113265425793
2.2015056780261038
2.228131324828313
2.2507596573587385
2.2744336975920447
2.3017577664531856
2.3284141741816686
2.35633642268931
2.3841392009819398
2.4132898396922418
2.437388387231932
2.4664722771920236
2.4880414703869036
2.5123396798294824
2.5387944742096984
2.568416044619065
2.6006659888401558
2.6261259327487387
2.6567242695243767
2.679252985996367
2.704878819772812
2.7338753360652532
2.7635457596891566
2.7923829871038297
2.8203150171142237
2.842594268816752
2.8687149077611593
2.8983746422948613
2.9234808992833585
2.952090872389155
2.9807649285630813
3.004206495813909
3.029423068693294
3.0541163712390897
3.0839138176009318
3.108221920478904
3.1348545496598668
3.159236547053858
3.1846063859207483
3.212197246083912
3.238143672060694
3.267634355475936
3.294959707834101
3.3227249304468423
3.3499961919944212
3.379164458686498
3.405891661213891
3.433712613249355
3.4571224778886886
3.4878333120459732
3.5179467859752194
3.545401309074043
3.5699027284138207
3.595540473218831
3.615949171864356
3.6405344861854907
3.668424070996883
3.6988051191591182
3.722630751545484
3.7512723528093215
3.7800609518146207
3.812764579631599
3.838892219026432
3.8599136579010427
3.885303900946134
3.918511179827906
3.941537486403707
3.971442698835803
4.000210522046247
4.025855719441884
4.0503177458217205
4.071522296390716
4.089659579738788
4.112650013408292
4.140116808474451
4.1623341531297395
4.189849690791393
4.217289056740412
4.2448291391813875
4.271393710357579
4.294936159049977
4.321875356517703
4.349595342842408
4.378553304699068
4.410751941374022
4.438970926582202
4.46925333558964
4.494827986393322
4.522663149505382
4.547229463943367
4.571233445249609
4.601966947361516
4.622662473273888
4.648441390235492
4.677468297034665
4.7010395904659905
4.723544481125408
4.752167534072349
4.784254518134505
4.809658362027813
4.837318185197642
4.863446716463546
4.891242311514393
4.920618131128462
4.950158996509655
4.979217263572407
5.00080097104116
5.0245993229357016
5.043835282319398
5.071396294271299
5.095898982334923
5.123464742758022
5.15072026019455
5.176500100252671
5.20449337855071
5.232332788244362
5.261846192137172
5.288889828887736
5.317218648534123
5.343540184302611
5.367145904729805
5.390711785594281
5.416035469854512
5.4409517130430025
5.4687852191220045
5.492952838584605
5.518768792788249
5.545787115922913
5.573319243543645
5.5970296525851175
5.625274696476669
5.647191812504827
5.673916854290093
5.699948484304995
5.725729047934363
5.749352408397176
5.7722486242148605
5.796753539515745
5.826881702966782
5.8484935464749235
5.874061519121161
5.898752603447493
5.92174654839482
5.949927363671243
5.975274390969123
5.997566511780629
6.025440401928453
6.053120227150238
6.081702428170875
6.106014863437572
6.133011824766907
6.1628652807666064
6.189994324149016
6.214667351122756
6.242252767762601
6.265674951371501
6.301862508683804
6.32840965195771
6.351023938952721
6.376056417329199
6.399257618543711
6.4281128761214426
6.45651180672575
6.486525235481807
6.516675076951611
6.539607281607786
6.56869980445455
6.591467780906942
6.614463073877602
6.639385427034313
6.670638461370231
6.695114146998542
6.722249416380571
6.750827542141188
6.780461843079948
6.808367023419301
6.839565614764716
6.865039844730109
6.894601259067034
6.922697910382528
6.950961430949288
6.977912023894927
7.004015381138924
7.023021339336175
7.045235415224713
7.075660618679731
7.100530485132726
7.124074316833372
7.149874444873081
7.178713872133944
7.202127347574216
7.22265793110811
7.244612441043849
7.269287070341001
7.298926800102841
7.327390925252221
7.353795252319578
7.372088668169308
7.4021765577003364
7.430639965501534
7.453828582193157
7.481853332000274
7.5108173764661
7.533395105136716
7.558624375840488
7.58843409650348
7.616914226308452
7.637077708587103
7.672943262735846
7.697442622506085
7.718257693268761
7.744456540063236
7.766193889732378
7.78716867983464
7.815830192135692
7.841434535691178
7.860021403873201
7.8888078241508275
7.905912305983744
7.934840367318351
7.959710028979181
7.9832379487427545
8.008931219401983
8.03636610668082
8.067224720517686
8.101161532432172
8.130386778929015
8.152678291607486
8.17461848888071
8.20019635111581
8.230015398755729
8.249452785868673
8.270170434161667
8.301023367351817
8.323173644504642
8.353295364297868
8.377982714009615
8.406589794934213
8.43630543172739
8.4655516379207
8.483303920551378
8.511069627587414
8.543643668928329
8.568863244297741
8.600789550339805
8.622348810011921
8.6433593211026
8.672384802525436
8.702909757928161
8.732324706234127
8.758693506000899
8.780982498516693
8.806580600992117
8.830438847433435
8.85611278918752
8.886612752958214
8.915981712019263
8.931161725278692
8.958033459286955
8.982202190571453
9.008910665054895
9.033671971741768
9.064471245891326
9.092653516602596
9.118804909909997
9.14587270485324
9.169118442290277
9.195339712897976
9.217749141038844
9.248209226420485
9.268546376164494
9.29823915631523
9.324132104565368
9.351157982938652
9.37250692849398
9.396447484032343
9.424376982503926
9.452499125360717
9.481532996875341
9.507937953179269
9.533387830773393
9.560993307375732
9.592704174340948
9.618580332778922
9.642205016409807
9.666873332807466
9.69161478632384
9.707694998374233
9.731230599462243
9.761614909020857
9.797658111258528
9.827645552834365
9.849388331589626
9.873314814225207
9.899747032687735
9.928040390200394
9.962046423234177
9.983544488049045
10.015934041674267
10.04925240026742
10.075892318617246
10.100445657803387
10.132441353295413
10.156688527558345
10.179983396176205
10.204091535904219
10.231892875732136
10.260740280915304
10.291217520843983
10.312209892964237
10.337722080345703
10.361005803410876
10.384949211123327
10.407678021644596
10.429122954177508
10.46045955481964
10.48720105025544
10.508248690990655
10.532733031473175
10.559997326273404
10.591444923909183
10.618156165909582
10.649264754194629
10.686901696193218
10.718504224148266
10.743968845412361
10.765200400270782
10.795608677413416
10.829350997549799
10.854252815929271
10.870070853699254
10.89856216860791
10.92589780394994
10.954042710319698
10.98283819004956
11.005785539664327
11.01839681070355
11.047649284351909
11.069777177403854
11.096489227167172
11.125821581418585
11.145664046330044
11.168355600526983
11.187522294615174
11.211562833404205
11.239779392061472
11.272496280769118
11.295169272027888
11.315067079714261
11.342554693423956
11.360363158076236
11.385995051445008
11.417794010928269
11.435162818945429
11.46050243531263
11.486784984138488
11.514184100974994
11.536576105372902
11.564412765638352
11.595232759990658
11.623030556219327
11.650574460805938
11.676224318828833
11.70480142914645
11.730978203533716
11.758020321595225
11.789777239341458
11.811089300459571
11.840523042212574
11.870601987885752
11.895420386906704
11.919578351989774
11.946211695823731
11.96961401442551
11.996161084329344
12.028157518331671
12.044623237945117
12.074152134493922
12.099369580829784
12.124331388961632
12.157967044581664
12.187276105593007
12.202837134024822
12.227435485655349
12.256792772831535
12.285352935760105
12.30788090498665
12.331026874187046
12.35420085258868
12.370599080295769
12.397071796450298
12.420485325715287
12.443860786305372
12.472486385216264
12.509562133148552
12.538430000704889
12.555867251538142
12.584302924213901
12.609860217014358
12.63616028718603
12.658432158924782
12.686057005451858
12.710927677622788
12.737706815439381
12.76120041446308
12.782475556154651
12.812120552268109
12.830711205476913
12.860088588557176
12.886003739605624
12.905937005047523
12.932117614640902
12.959839614252477
12.98140172727561
13.00807256866673
13.037938131152945
13.06127619138168
13.089152827502552
13.106237920939563
13.134094709480422
13.162735606593923
13.189364095919924
13.213210983945586
13.237533905410682
13.271084837203496
13.295684856845657
13.32427906082934
13.350356124816134
13.374036113150485
13.392576234780542
13.420350518760468
13.44599755684483
13.475048670402582
13.504271687003232
13.525867858573996
13.55513748620287
13.580953425547921
13.614373269051633
13.639661811250011
13.669806997934085
13.70108232712618
13.731803554019326
13.75718099958889
13.778099502742254
13.810992633430555
13.836579042090722
13.860380888627702
13.895840934769563
13.9273115009232
13.960283736599372
13.991800329423434
14.025897901921887
14.052582866573204
14.079606034723124
14.096995352325262
14.134408500767648
14.163833935594301
14.182849187434886
14.203030553824423
14.229989478987278
14.254632211827424
14.283080950656565
14.304097795450659
14.329378985725391
14.355591737029336
14.378052513195062
14.410700644372188
14.430494743224479
14.459557939540883
14.490107721824373
14.519152915335447
14.542724890140693
14.562230501535783
14.592224722768492
14.61710671086497
14.63455301228188
14.669314873117855
14.693041473385648
14.716902915359992
14.744467645105427
14.766915584729063
14.800884553067
14.824323473550333
14.853312290997206
14.886345445347736
14.916667000893558
14.933277682918401
14.959313703197498
14.970459841536709
15.013320448485395
15.034310408738992
15.057231498856943
15.092722707175216
15.122843254075335
15.154176165916532
15.182280648350162
15.214207450933383
15.246631969121871
15.270842034460593
15.296592049128115
15.319720053023975
15.348415985751135
15.375777981053044
15.409002596040384
15.437915428448605
15.464069729508132
15.487836190691894
15.509714645687414
15.531898636083248
15.568899309804522
15.595581402887518
15.623057420805946
15.654838779105642
15.674696099489363
15.697164323220814
15.735316576405687
15.761093945545188
15.792303169536154
15.82491213058141
15.85213584021318
15.872915530561958
15.895277098732926
15.927066245251808
15.952703674472328
15.98217024601949
16.0238926761411
16.04915531505496
16.076099260128476
16.095451196294917
16.11911384988793
16.15065445150636
16.171588463799953
16.19650631168159
16.21809380063228
16.24058575926883
16.270563977088887
16.295368718964323
16.321371358999507
16.34208655167356
16.36702019259906
16.386344181297318
16.421082049493403
16.450072235826575
16.47759750953455
16.49410504516177
16.515209090435945
16.544550240856463
16.58040427437127
16.60286572969907
16.636108758334647
16.663250766181378
16.692904264020495
16.72018244481203
16.746722324416634
16.76956836496652
16.788137904795683
16.820357904889597
16.849230394587448
16.871959656032214
16.902187601793905
16.93174422672042
16.962641655095027
16.991286148451554
17.011667132213883
17.03219637596749
17.054817844979357
17.09236617366472
17.11089942512344
17.13470023481775
17.154078306778985
17.181856672362816
17.21193247724218
17.241004928826325
17.25987904896318
17.284082416551712
17.310580443779322
17.342910430257017
17.38108071774851
17.414866838716286
17.428104738250617
17.461213379637137
17.4947804825775
17.526045051413334
17.55275131964343
17.578687008162742
17.61378503012029
17.647849763682277
17.67244190901923
17.687863451557735
17.722473371962078
17.747414276340713
17.78146292650543
17.819923717682595
17.854704508200022
17.878013573429893
17.903264758558173
17.9244804874983
17.94318442396819
17.9665691910907
17.987167570846474
18.01253935118268
18.03166216586096
18.067501999501058
18.095203548848865
18.122641932793243
18.14784281239795
18.162972353142923
18.18288393312669
18.210217611144035
18.243453959227555
18.268092947294395
18.30104797034361
18.33205830851688
18.363733140925145
18.39968548689929
18.422919509988343
18.437788099914364
18.4593411470596
18.49039504600142
18.511309809786713
18.531372752530654
18.559165270977118
18.585370973320483
18.61625727811584
18.64086667971263
18.668935493904595
18.70017466739275
18.724762927746387
18.746331285453678
18.782110790270256
18.810247351040978
18.83731219322679
18.86049432363225
18.88430635562256
18.91975780806546
18.943939397297473
18.963063208002993
18.982834208176065
18.998008800071744
19.027892027426276
19.050985076659742
19.07071959225157
19.102929115909255
19.133752427696322
19.156157076574775
19.18939947443517
19.213374382145897
19.235191008200644
19.266471075098394
19.29779715959074
19.327543633151684
19.342205832968713
19.36335826312363
19.388322226231516
19.415554574839113
19.44346265748804
19.47514822292093
19.504302490115307
19.532866760203163
19.55664768957603
19.575936595209704
19.59855324285956
19.62270204587153
19.649120681972693
19.68135042688524
19.712848228939087
19.73474439628788
19.762442474491365
19.778574663569017
19.787073367252766
19.82440823128173
19.85662949185171
19.882935896313597
19.904286606212757
19.92864011283347
19.951401030002057
19.971600106661548
20.006532134036284
20.04275458424012
20.05500551560457
20.07817805729546
20.10417574235536
20.12424895185908
20.155030800082805
20.176473300803476
20.205362483962638
20.234371907207475
20.25054822718493
20.285439783795987
20.321347033083324
20.343693064333014
20.374958388611773
20.399940898523866
20.42940348379293
20.463098235841258
20.484225560937023
20.504142621919772
20.523576219939944
20.549311324523156
20.573231381400518
20.605974498135126
20.630013244975387
20.659942841761897
20.68689447089352
20.71603243318372
20.73935173689799
20.764298730164978
20.80377891214311
20.829576481816698
20.86119955295798
20.88033752065123
20.905993942508882
20.919627714609152
20.95077713134387
20.974034933772874
21.005025098584472
21.026093781023004
21.059173541267057
21.071741431800355
21.1059689278472
21.13374633206245
21.15883004695416
21.18611874701256
21.220297227335973
21.25425410498398
21.287080513595583
21.306986066363393
21.323966355710144
21.357402612073525
21.380478296385274
21.402002622412898
21.433045262895202
21.45202001169335
21.47960658487796
21.507191699064286
21.539428142190655
21.56870864800333
21.596966312386918
21.6200811506391
21.64412520480277
21.670727985075896
21.70204993541483
21.731870117667114
21.76013107173642
21.786539448686842
21.813772092540034
21.835388319719446
21.853482931894366
21.877750927215327
21.904085964471417
21.93313852136327
21.958834422774032
21.98752354860306
22.019818587431068
22.04668234275394
22.077025597958908
22.092660061897995
22.123802829973492
22.143706091740533
22.176514471666586
22.210708702940536
22.224338213174555
22.25785395008863
22.2818014844415
22.307366059534935
22.34148458257348
22.369427361347654
22.402281699684913
22.43558446448351
22.46718543136334
22.492606915591935
22.523605504223617
22.553915922596474
22.572653862793068
22.5966035313984
22.619015174389446
22.639130012150275
22.6664877071899
22.697152770144918
22.72555915497648
22.749949107737905
22.772821251182172
22.802598486733793
22.840303357041854
22.86274053701623
22.905719118856297
22.934413639057105
22.96768367560506
22.998890114708203
23.04341988769938
23.08160431632936
23.10272994217827
23.129005663332038
23.162138280084854
23.19113624068713
23.222484720762317
23.255950488188688
23.28003086635553
23.305028964948775
23.32185276639644
23.35685206660134
23.385191516081917
23.428187246326956
23.4618941616545
23.486621540968123
23.519842037232472
23.550431409187297
23.57890599381821
23.61251125446588
23.63321293204403
23.66040049964333
23.678875481008916
23.691375774968584
23.71942048696721
23.750905741706838
23.77415614057565
23.802971568735366
23.828603782009353
23.861064457281564
23.883566791843094
23.90959632187736
23.946096598264766
23.96984173176356
23.99432626273707
24.01216221885187
24.03725076126173
24.054608969872135
24.09295128352916
24.11094940944301
24.1418829089911
24.170030651761422
24.20054628186179
24.229806456838915
24.262644186994116
24.288023661264475
24.30867860825981
24.34068885146413
24.349175132081584
24.387091222157608
24.413851075114216
24.433754985419313
24.461507036159418
24.48244996966102
24.50928017391221
24.54402355516318
24.577792070208552
24.600922721407535
24.62413042704779
24.653023895392884
24.680298718346137
24.710434347035864
24.72736542340997
24.74790115201378
24.77197584938164
24.79110976441053
24.823180226911894
24.854240414388848
24.88184868391467
24.91321555401276
24.93108846486797
24.96409117812059
24.99653576902194
25.028100181471125
25.065160262330608
25.104581089863387
25.12473870654526
25.143928920862848
25.165774780345615
25.195320169368372
25.215150736163636
25.239640288121876
25.27111266647453
25.28740716942307
25.317825604793974
25.36081045157116
25.402715855995723
25.427307525857167
25.45842369442523
25.488099205280065
25.508225366629624
25.530714418581837
25.55707485026474
25.57970783004535
25.59897686116868
25.62262912562158
25.64986548021848
25.678228949730546
25.697095712444984
25.71626225038132
25.758286208634075
25.783508187352595
25.80229277422937
25.82465594142095
25.859392471932964
25.89671611801866
25.928189406279074
25.947157409124237
25.96626611682487
25.994365671372897
26.025112978237537
26.043414844637006
26.07154921016422
26.106329785890274
26.12886443341594
26.162831894572186
26.192931487420203
26.219696645748343
26.23568967751487
26.27293291616172
26.30256780924575
26.34056441779712
26.3623452584145
26.38659010920872
26.420489872340298
26.441687077757358
26.46829552144719
26.482520791460907
26.50114685663997
26.520025385435176
26.5462580808841
26.569740419866704
26.60001627242906
26.612694081566964
26.64326025958212
26.672247832654868
26.701660136281703
26.732986969518088
26.763471453423797
26.784590733384114
26.813479866670413
26.834504268242988
26.8647230611219
26.893515973490068
26.91642981602704
26.94747830825031
26.9671543055847
26.991223784079963
27.0176111804374
27.044618231769675
27.07995385710327
27.120987705054716
27.146221249517524
27.17065703654449
27.20421992872324
27.23731419728434
27.25909305876143
27.28592173069891
27.317413107330445
27.34776586878509
27.37098249556289
27.3957136467439
27.420383715832095
27.457159170745797
27.46870422365874
27.497667568091366
27.524758629567287
27.53556533866727
27.56749876301354
27.596572489822783
27.621897192988826
27.65260406395646
27.676362755037403
27.715091207670604
27.74005398159897
27.772927640932565
27.80522964418943
27.83893839067982
27.87802775130144
27.891089808375774
27.914897282832918
27.943613152616273
27.97048175673458
27.988929310432795
28.004047342773745
28.028282729904035
28.040824294624827
28.069330508792625
28.09297009622354
28.13207163177362
28.14641429902305
28.16899081352986
28.18511051911524
28.204137556644213
28.223218985095748
28.233133327124072
28.252068099796055
28.26857449955213
28.28321839398445
28.29606160763808
28.30471140944131
28.31711399790627
28.3283366576633
28.34300439078892
28.361452621568148
28.387214594515463
28.418325896712354
28.437501106125225
28.44802370308065
28.46657352510764
28.491589531975983
28.517075194858542
28.5281071892532
28.542221778964624
28.563249617013312
28.58280415219602
28.587136436656458
28.622545963372154
28.64324377758193
28.665367663057545
28.68133898936746
28.70154027271394
28.720642116719986
28.74327704338426
28.76810639173994
28.78104802591465
28.799595116030666
28.816396852308188
28.84225133043728
28.8626987387603
28.856134356480837
28.857451862353287
28.87418992556674
28.899512561059197
28.924436365517202
28.935989217265636
28.965089541042012
28.986334831547573
28.993272325122156
29.01363079053923
29.018234290849357
29.037115840231237
29.049353932884245
29.06482716690042
29.07950614622183
29.101601254043175
29.11926286051328
29.13395544979381
29.15427400627037
29.157417222564504
29.166239173066018
29.190882825205172
29.210205367035194
29.229536403635812
29.240746172924652
29.249985160535346
29.272887731434892
29.29062773739858
29.306368185194735
29.323333390113994
29.347560083545602
29.370281853189937
29.387635436080473
29.404194406811428
29.43127175997453
29.441929642466313
29.458695444210008
29.46292246036308
29.479029791134913
29.48437526439733
29.497033787250466
29.49465074043075
29.495974871308498
29.497379171046525
29.505316913788754
29.50871699472281
29.52988486956243
29.541615437688627
29.537601220620132
29.56853459395814
29.58060282661502
29.601213744093492
29.63101010559167
29.65591191609186
29.666617162783233
29.674990976412623
29.693358665748434
29.70106583646659
29.717260268417867
29.751284840432533
29.77097813320991
29.765968201000433
29.774213155963245
29.781308720122304
29.803342026230204
29.823616013815894
29.84178396092848
29.84980458830092
29.871526619233336
29.88567708654618
29.90711870003065
29.91913959061874
29.94905973203069
29.964797153170366
29.980873375454856
29.99198904482141
29.997136536476454
30.00865524350349
30.013283705824236
30.033399379301407
30.049104435718
30.051717841352726
30.069328856947322
30.078732734292096
30.085221468983413
30.11154079252192
30.120518854964814
30.12083014070761
30.148404264053788
30.164865864271796
30.17263862243378
30.18979487394688
30.217446061364797
30.2557558597654
30.275978438398297
30.284021999682622
30.316861566232816
30.328667901264275
30.341649157718003
30.364294500294456
30.384788450597036
30.392371734667222
30.38826829725594
30.41967832228459
30.42256153177722
30.43393534666184
30.44507199078832
30.44249735665931
30.459376727969833
30.47761805723713
30.50190509915305
30.518741386768568
30.52953665266037
30.53916312936142
30.557694550091163
30.573337742031597
30.59373119123024
30.601512725670254
30.62441996866051
30.630426703598275
30.627311663739036
30.62418157866059
30.64828414289601
30.650053251218402
30.65214624945203
30.65528377932298
30.6590449471273
30.672990539196135
30.674146927345824
30.686994106720235
30.690839817531234
30.687918962720588
30.688309676432084
30.697362814303865
30.707781121666805
30.71157318159839
30.715440649014603
30.71656796704623
30.712848688657573
30.71552608184438
30.715619044991804
30.71915554680306
30.718934816862784
30.717611114030596
30.719896878795964
30.727150019438533
30.725626010696985
30.737164356105353
30.735133828759025
30.75094069494211
30.745210487629848
30.744690517143937
30.746555656906857
30.7552326995754
30.767213186946
30.767897330968573
30.77259534219467
30.767107581066476
30.76932427064655
30.777445379502645
30.78787257502016
30.79484967772661
30.789954973202228
30.806013447678616
30.825404513870197
30.839229981161175
30.847682676283313
30.83429080761904
30.83295590504006
30.827582800836673
30.82408514693958
30.814529284216334
30.823383467931535
30.825893175441898
30.823733458345657
30.81536352041072
30.814724875430933
30.816932479417197
30.807106788840926
30.800525959728844
30.805177803933574
30.82411263861357
30.845203011717196
30.872518914198096
30.896411565391432
30.897944397239613
30.902619504252534
30.922136791997076
30.92907830465642
30.950888780263448
30.96773125130018
30.979853762570855
31.005673088774813
31.025090218756525
31.034900773451426
31.045850003109457
31.07001696134035
31.09292369242913
31.113871979144953
31.14421629613185
31.15410184593489
31.167891247141334
31.182319402984916
31.195134590023173
31.20968551850327
31.213933511596217
31.2292737391558
31.246485400739395
31.257708767251735
31.269744571110465
31.29886207624824
31.303958392557647
31.321845675546633
31.33583714600121
31.347362312618287
31.349654865601963
31.363751787055683
31.372594448404882
31.402195434525403
31.421115186021154
31.439469854345468
31.457695762725493
31.486944354513525
31.496357801731612
31.51835539836901
31.521884603850232
31.530964756717246
31.53421355026206
31.544387412520692
31.56227082779464
31.580145461306962
31.581992132636792
31.589155353424218
31.615026135225577
31.620814169197644
31.635908918907816
31.65761809538494
31.672981100247476
31.689940150700885
31.708732498520213
31.73168622506259
31.748326584942873
31.75551812236951
31.769217293722242
31.78967690171229
31.793458032036156
31.811752650324166
31.831254892130232
31.832412880131315
31.85710905341518
31.881768292608953
31.88228833670501
31.897838567244996
31.90781261763437
31.91482304827386
31.927763438596422
31.945462763123523
31.960531861404988
31.97698074804901
31.98639081003894
32.00421887905493
32.01283178093826
32.02544688731637
32.01933331265265
32.04435195212399
32.048697673525254
32.063137763778094
32.08436487043755
32.094339689124794
32.10860585386985
32.12944101774841
32.14833151066536
32.16109317780828
32.18249220352116
32.18989453496592
32.197286700792944
32.21634217076653
32.230860363108896
32.25702695730601
32.257602042780995
32.27746864465539
32.29601244170391
32.3195035706153
32.32463749368499
32.3419160166305
32.35875259596872
32.36965373592892
32.398793063950755
32.40554593308511
32.422108548874824
32.43252287061991
32.46339739317986
32.473595243310726
32.49167185444882
32.50953235809926
32.51655121892864
32.53459390723667
32.54334217177277
32.558744546823625
32.57055635419816
32.590141172277185
32.607080498018746
32.64011757569839
32.66593270666818
32.67160163412237
32.6852847154255
32.69399693385608
32.69376899774348
32.70167655693173
32.700259966871094
32.70775363573824
32.73938110866693
32.75208711974914
32.76907412988608
32.785872103439445
32.78524205954772
32.81461922564411
32.84732110125069
32.859617940327134
32.88719797391385
32.90134594181263
32.911632531173396
32.93536451643996
32.94267747791662
32.94908747339749
32.96351744269751
32.98541523303228
33.01484270234497
33.029947337975536
33.0405194711929
33.03084440593785
33.05011589607214
33.06274761760349
33.07287007823544
33.08925510613842
33.098364899628734
33.10366843971023
33.12129056023792
33.14707985462306
33.151046151830144
33.157916111304296
33.17159335025954
33.176783775391655
33.17676230641835
33.20856611417713
33.20208649955711
33.20575108687895
33.21751853222273
33.21897736093094
33.240803995295266
33.255783737163014
33.254128976154014
33.25699230449807
33.2699625756125
33.29003407887519
33.31254632739641
33.32302425757719
33.34413861482222
33.36371420524019
33.38036476870178
33.40364763775307
33.4051228381082
33.41141499480512
33.42950972611812
33.43691688352371
33.448900119641515
33.452199613016674
33.45795169175762
33.475245713915115
33.49019228963017
33.52904581196303
33.523922030803305
33.53178731286033
33.54603671739108
33.544873858883406
33.555957619278935
33.5721335187492
33.60272576601557
33.603909670377085
33.624644826146366
33.633737190136436
33.65171484619636
33.68167770099156
33.702173667923326
33.7186955291154
33.7236590497538
33.745129453074796
33.771107182563206
33.779512467624166
33.79526420930907
33.81765179037682
33.833486636938076
33.84309927616783
33.85922077694354
33.85850181820343
33.85562678224215
33.88898428347476
33.88708402301141
33.89533182811772
33.90101173381945
33.92756353898925
33.946797123404025
33.965023344426626
33.97222332261795
33.9802428224751
34.00913164272486
34.037126956038065
34.0497405601138
34.073566134331855
34.09968486904791
34.13252173626167
34.13300499058031
34.144433170123335
34.16256220094347
34.18926996876659
34.20635999863948
34.24002323595381
34.254863961648105
34.262019307128575
34.26220728646219
34.25035603266614
34.27037109247733
34.28049938965104
34.28904424653156
34.29727764139531
34.32406136377179
34.32412974889114
34.34920583212705
34.3672650996952
34.38038673754362
34.40623369811751
34.41820562195804
34.429609162901606
34.438663367797915
34.44885164413036
34.47649313162968
34.49503545736799
34.51949203576858
34.514909692651266
34.530643864044656
34.53655768083425
34.54332144998914
34.54908062340145
34.54791744025851
34.56641709315235
34.58340086034221
34.59906846741102
34.61298277751366
34.63100229950183
34.65040532419882
34.65767371869884
34.68135678691392
34.69601675406958
34.69904274494207
34.71526636945603
34.73660650304377
34.748601234918326
34.743741613739246
34.75934184724677
34.77098580293447
34.78730862969544
34.815890693991015
34.829283107175925
34.846332578937265
34.853384079328066
34.8758386078531
34.885073021589
34.89780352772126
34.908732353697516
34.922810894017914
34.93318506794869
34.94605560768634
34.97776814473011
34.99702095693433
35.01068749048133
35.02788227676422
35.04938821723623
35.058338769003086
35.094576413304665
35.109176655178445
35.11287738034587
35.12653399588485
35.144391590867514
35.144472452143724
35.176170155141826
35.18697251780614
35.20804307234762
35.22641115767924
35.24578193928766
35.263649415262954
35.289977802487456
35.291631088995544
35.30831735500356
35.33157685407266
35.35231520150137
35.36430602481724
35.36992346335107
35.378323991963356
35.391445922892544
35.41462015849538
35.433467949377395
35.45291538574905
35.475935474329134
35.48568619930418
35.493945215219895
35.51182574018527
35.515069325830716
35.51826184810457
35.53556251345327
35.563368937149946
35.56825290581801
35.577104188560675
35.576188209661396
35.5879317794811
35.60153549284128
35.62807447825783
35.62798518942816
35.6276743213349
35.63379486992935
35.67614920408736
35.68457952376261
35.700026942503975
35.702650454382244
35.734558982827764
35.72902908314796
35.74125961407317
35.76117437613721
35.76704157584234
35.76205718063584
35.771235305872544
35.78763323651817
35.80001956972003
35.82254176686692
35.8460386175478
35.86607405266128
35.8636359674486
35.87363989092614
35.879121065647404
35.900207383580266
35.919237442943064
35.948127405315866
35.975805621007446
35.9903651439628
35.98134409518664
35.9850131016682
35.98474031315736
35.98857391434942
36.01495203773722
36.038362022053576
36.05142821215
36.060180367852055
36.07487118962236
36.0957645435858
36.117044506501834
36.1332476217499
36.13404270930887
36.158095876098386
36.17131549820657
36.20555240880549
36.209974425242365
36.231052672749655
36.24461119394892
36.26597428139383
36.283968036830814
36.30531292100428
36.31990396305616
36.34079648367842
36.364518869112295
36.38176791122255
36.40578334306825
36.43818752059136
36.43834361817698
36.44670811510297
36.46422427354964
36.50165480222801
36.52035595193335
36.54226505114917
36.56817904814962
36.57622513875937
36.59288678690841
36.62436353224032
36.64682382473162
36.68188506207877
36.70879165310203
36.705878587334006
36.72168569895832
36.72987976891717
36.74010984378203
36.75590051198283
36.75679048073822
36.78622642563692
36.79901451485798
36.80824457026404
36.82302722859494
36.82531894160494
36.82601222062881
36.859567928973924
36.87181073288088
36.91009831908714
36.944976051999575
36.95605702973994
36.970329696259135
36.97941336761979
36.987817655099576
37.02566490660875
37.02451442444631
37.03770538066693
37.05762649621759
37.065618947475485
37.08614630521816
37.09231930366521
37.10059329160099
37.115269065942876
37.1283297251374
37.15460210241147
37.17570954832567
37.17011977588923
37.162271012993045
37.187514108130465
37.208327775738866
37.23222102089202
37.246205056855615
37.240107822680116
37.25624136246448
37.27740185774291
37.28920794509444
37.29022838183471
37.287679103302644
37.32046772655875
37.33872733829051
37.34780289731352
37.36604183371021
37.3815517302362
37.401537396435586
37.41535323867884
37.435194046417436
37.447592054140614
37.45340358856315
37.44438526247357
37.461925081138475
37.492224175889085
37.50119314047779
37.515533993199426
37.53800607257388
37.560573385155614
37.56935900269332
37.589756709263185
37.60762724135035
37.617121433073336
37.61867037566583
37.630821841156795
37.62815636705342
37.63738229308357
37.66675039297038
37.69665642893549
37.69774053581036
37.70842997408606
37.72591867408199
37.736605784578046
37.756738980249594
37.775958380147046
37.79477617319478
37.79799969285878
37.818168121864865
37.837013334108285
37.83312473875306
37.837212408960895
37.83817276245493
37.839570521276926
37.86632374997555
37.891782453852116
37.905363143652416
37.92051837483178
37.916249505806555
37.94151778417684
37.95274145868526
37.980380924683594
37.987951217865984
38.0114386972592
38.01835730739173
38.016894572498764
38.04498943910045
38.072823492429656
38.08793983644568
38.09554494307181
38.08674286143492
38.09697025899563
38.104891209323355
38.113643387560096
38.11709420267866
38.140797132664794
38.17362195538141
38.18705135252519
38.20496143807824
38.22648547992883
38.241343465373745
38.24967842749529
38.25716993358598
38.2708448939904
38.30739331624243
38.335617987461575
38.3421694856801
38.33060058431481
38.35358945777044
38.34158387062008
38.34292707193928
38.346081351842216
38.35241365298649
38.3622280545797
38.38750274344695
38.40718582140364
38.417584570109206
38.43584814707687
38.45890442938463
38.47274618264097
38.47274370593857
38.501436093634915
38.52316620503486
38.51686145145179
38.53590988842625
38.55230262909768
38.57074342031101
38.59755906462756
38.61627671302159
38.636057048669485
38.63996801880067
38.658100418586386
38.67951834098941
38.68965642813491
38.7057063202036
38.722016686067015
38.73472656611748
38.75533420220972
38.75518771649918
38.76894421043726
38.78234873376092
38.801101639683765
38.81093006388629
38.81104360896605
38.813176991607534
38.84556471795614
38.83631728911834
38.82495097203144
38.845481171511224
38.87198126897047
38.88293826031397
38.88570125447077
38.90687974731696
38.90950407138569
38.93134431285091
38.94315833812239
38.939223562561594
38.963214187531506
38.97216786237165
38.96865699133062
38.98182357722608
38.99414963109108
39.00639426575998
39.00651375081507
39.01716589695849
39.030698874343365
39.03248357454257
39.05430787400245
39.07694731114727
39.10995183352672
39.109735828113436
39.13251269577109
39.166033232534204
39.1881771361815
39.20783963616166
39.231810845253
39.25209958946207
39.27481919175428
39.30555272432658
39.318918913359255
39.3258291760787
39.34861737833923
39.35343657782192
39.37219975871102
39.383982053114686
39.40757569895286
39.4514374435862
39.46090559071804
39.47020300615904
39.501685313051176
39.530142335924715
39.5391407073555
39.56286731622112
39.56582086118155
39.58063414409014
39.6076708596062
39.6144141576992
39.63370841744999
39.65927539926619
39.694177324701904
39.70249400246527
39.72401951090484
39.738037870002174
39.76420230668506
39.80014428994023
39.81255615566221
39.8369661344041
39.84621291026783
39.864349686611455
39.87539833589912
39.89271690846936
39.923425787460125
39.95102907327923
39.96529716966009
39.974316935511496
39.985982163364746
39.98888023754078
40.00929432413139
40.01656687827912
40.033720305934395
40.043368339815196
40.05116513281654
40.074444887875245
40.107192772169256
40.1051348051829
40.12993107035009
40.1430340937649
40.154911316848676
40.17712197106319
40.17513998990455
40.17144291585707
40.188975520888945
40.19726908873744
40.207110996181406
40.209724167486414
40.25397193670692
40.278796296521016
40.29242101582529
40.323318340156575
40.34995938815805
40.36086351261729
40.38513648499831
40.40517707881366
40.43199394956136
40.44789955712768
40.458349135892234
40.47199965719447
40.476347758503685
40.512176831699236
40.53194210998091
40.54057412672145
40.54314185511288
40.54333237723139
40.55638730893308
40.57482049376684
40.580915622982744
40.5991995332994
40.630303991924315
40.65295887874316
40.65507067215343
40.671497410652535
40.70908119606516
40.729864730340914
40.73036271510271
40.75332339934205
40.76278301665409
40.763627911543026
40.789193517098994
40.799224528726796
40.796291249524984
40.81069060436727
40.85331403018002
40.86988725591864
40.894455391110554
40.898141192878896
40.90357167652176
40.90928239933639
40.92046013862198
40.93871536905867
40.94466270395894
40.94431592928103
40.96118697030197
40.960509087914254
40.98449067088813
40.98624184142732
40.98986210892022
41.00081860135143
41.00109725073277
41.0019696743168
41.01828785498124
41.039455048812606
41.04208927056262
41.06801109557722
41.08972812196736
41.09979636253831
41.1083007554424
41.118298926070366
41.107650915147346
41.125946984674165
41.146282478938986
41.170687185881825
41.18823977997356
41.200848214044576
41.21660234560903
41.25079897991325
41.27001597424637
41.29592773071343
41.3067150243885
41.341535702491825
41.367300213225086
41.374401605329275
41.38730048563151
41.41261569663516
41.440593893857645
41.465720470832956
41.4825629050958
41.480936157599736
41.513621274063496
41.52530264524089
41.541665807741914
41.55026952093692
41.577601640178344
41.58716590450907
41.613154517215534
41.61714221226005
41.61881388569553
41.636355719638935
41.65840951011564
41.66811740001408
41.68179895699222
41.70609239093128
41.712284801604916
41.72659367265087
41.729461624228406
41.750574063595685
41.78340983518055
41.80203862964972
41.81297589288427
41.81881173563603
41.82905096900942
41.842669076028805
41.86290595713906
41.86362125538276
41.883161498060694
41.87979476664582
41.899398258774234
41.90769539685166
41.91423632266373
41.949531952613526
41.95696549390319
41.98272354755107
41.999768804255524
42.014951013043174
42.016982448547495
42.015880872071506
42.0249429011484
42.0168236497055
42.05114291125872
42.05402236874677
42.067304023445466
42.07462197553347
42.07445267909071
42.097494919350424
42.118723215796415
42.140186115371115
42.13061549197316
42.15505028628263
42.15432302675556
42.157240547633414
42.17376252290747
42.189680612401226
42.21099569253547
42.233512598566186
42.24832953148529
42.27304266832109
42.27216532767525
42.28503016169834
42.29820234152111
42.29901923907087
42.332461945052444
42.36084241420954
42.38802749309877
42.4177319421742
42.43251991601705
42.43519303981713
42.45648257567748
42.48266857650781
42.49836141986487
42.52044074237009
42.526011722396525
42.53237613889187
42.54303865836078
42.555647349874555
42.57637256126339
42.61163580365523
42.63918557000909
42.66650129695935
42.69133441146807
42.698530023070035
42.730618489950295
42.741867810447324
42.75805532793553
42.78004720041853
42.80371729421196
42.83345164516854
42.84059185654617
42.84879674213841
42.86509745960733
42.8676191154348
42.878194061964976
42.88248062391904
42.910582819599774
42.920596719864406
42.96810736422749
42.9629400459018
42.982848342488914
43.00562279942296
43.01183245820028
43.03836396817459
43.04861862283997
43.07657640440051
43.093835687640485
43.10306332936576
43.12064491914185
43.131527036666576
43.13811794126173
43.168165009993636
43.19879098587206
43.21280001789236
43.232822932017
43.271429446349906
43.26060625317006
43.271455779308134
43.28173735629597
43.30628014201534
43.31702737946407
43.344669919497896
43.36675935667113
43.3871543864627
43.40071167305593
43.41539558564001
43.43384989415859
43.44064475790696
43.445820597644556
43.458229770037384
43.47155385209656
43.493707840774505
43.50269771304806
43.505928168059285
43.49697986077494
43.52234528593662
43.532046553651675
43.53441312904281
43.52712801454135
43.5446399903529
43.56681163330026
43.58157122311707
43.60215928403493
43.597850207522896
43.59511573919524
43.607288306216056
43.63300086190187
43.647687836624144
43.68903314152342
43.69901318665674
43.71083339546082
43.72660769181559
43.73388939940019
43.751903431450316
43.78413342651626
43.79814458669354
43.81390037219159
43.831416167591065
43.84792321445906
43.852632676114574
43.876101838225615
43.89238252800319
43.91112743463959
43.91828865115746
43.93141006856942
43.950669776545034
43.98615428959493
43.99836062629934
44.01465007775116
44.02268957061921
44.036176254205635
44.06096032919101
44.09095328818123
44.096894255994876
44.110129128755375
44.109007168754644
44.11840802243541
44.130700533969794
44.136652895052435
44.14144721001894
44.155953622712005
44.17798406588462
44.21747287058504
44.22457781771456
44.235939825477125
44.27853306082078
44.27683963718294
44.304390584731586
44.31422273212463
44.34711758765163
44.36562547480263
44.386027229071814
44.38618944613721
44.38485530143176
44.40009526823642
44.41367521038258
44.41752370445837
44.41216107048392
44.423553747571134
44.43136602860039
44.4466017484077
44.45841901897105
44.47032544891785
44.50168574766463
44.51206103732454
44.50404935148296
44.510307931975525
44.53979822755366
44.556229395854515
44.558306168688674
44.5739941537283
44.595703802344
44.6117454801456
44.637618498022604
44.63339180881245
44.62756967785057
44.64425209233434
44.65673310623241
44.69265551403049
44.677446618591816
44.70262535174044
44.70606890327566
44.71371766661281
44.72694410588476
44.72877271254182
44.747779523934156
44.763294136047726
44.77280600932026
44.761757975366905
44.78342106696142
44.802341329214606
44.81508884198939
44.83384412668229
44.854877170281945
44.85220837036703
44.86853189279725
44.88867149107419
44.88401440691992
44.914276476882016
44.92682743937781
44.94477891736904
44.958060632994986
44.96891459479018
44.9889202822657
45.00658660265483
45.00726636080513
45.02735218408667
45.03848141436473
45.05046498747406
45.07736703357365
45.0827972827815
45.11198811266645
45.146617754090826
45.181841688578835
45.19459259222339
45.20329555198286
45.213068131666645
45.248474192599986
45.28117200905867
45.28784214838918
45.2853990785783
45.270893766352756
45.29904853999468
45.33533326558531
45.34386345318638
45.35834935560346
45.37675937401299
45.392766160808584
45.39492723020766
45.40105373322398
45.41751732468777
45.4116166780821
45.413739159224
45.42314627879756
45.438037251365124
45.468685139470445
45.491285871521626
45.51396840993939
45.55658836138432
45.59098084965435
45.602498224734866
45.625435348097525
45.616945011281196
45.64050797866785
45.655866646200565
45.66359122221109
45.674546406917536
45.70335603939671
45.71243105265602
45.741501018306685
45.769052753818336
45.78052713896024
45.79540697918216
45.81663485554461
45.83670215825001
45.8612603155186
45.87349152176411
45.89622335688261
45.903377463474826
45.902258606863164
45.94000754353575
45.935851936012085
45.952687075426326
45.95990907277138
45.97018303476894
45.99808866100282
46.02618554554267
46.05553191081985
46.08826116785944
46.095155786644845
46.12122326864127
46.13364905821158
46.14545922784508
46.14697670875574
46.17248168430568
46.179149380624736
46.18993390821099
46.1998712282798
46.21003216826826
46.24012837411718
46.23700016152942
46.24102080176896
46.255885473933226
46.261280569301334
46.255201323591656
46.27265418624684
46.28361156352527
46.29966500766152
46.32564852464459
46.3458397689365
46.355945674404765
46.35701797508279
46.38388764376036
46.397307476132816
46.424982948449994
46.428095922956665
46.46801730683566
46.49394496661461
46.5047887922842
46.49266842045853
46.51384740851581
46.52203750810161
46.54632701973443
46.549499196048565
46.5516249374499
46.57149994119352
46.59937649712359
46.624678285070104
46.64548346236219
46.66135345964753
46.68840059469468
46.700637143573495
46.715248825993505
46.74582122846256
46.75447587258215
46.75336066923359
46.7675187314415
46.77997466099745
46.7879128457921
46.78918592164175
46.81165889609474
46.81699092357155
46.84090360265281
46.84731127905674
46.85313335131001
46.87512574880622
46.89142397187824
46.89305269524695
46.91952723215547
46.93669778400116
46.94583197966244
46.970903260036614
46.98079254984614
46.98577893019157
46.98498297972759
46.99498668322546
47.00697207932162
47.00293235875665
47.01778930618817
47.00995525956628
47.048065048478875
47.08493530871805
47.1100937152598
47.11324749412306
47.135673042657544
47.15198938348392
47.18473709939967
47.2053460788385
47.2128717588582
47.23825310815673
47.286293290249844
47.30363370804741
47.322882561255355
47.34626724807615
47.37163543068307
47.37544837895988
47.394933591596015
47.39045871911942
47.384691314083156
47.404924951023865
47.41373556923012
47.43813850192184
47.45684957274796
47.46867309461252
47.47377261963162
47.504411156345206
47.51311771581916
47.51256052014493
47.52383753294017
47.550197713950546
47.577735332911836
47.61033749498232
47.63523586916729
47.64719527045916
47.65750959116572
47.67127961846864
47.67122191493112
47.70736952014368
47.74104347201701
47.74655766404397
47.77287467979591
47.8154063366872
47.82669463539033
47.85401252941376
47.86768045359859
47.86798556856291
47.893891489214354
47.92944926300491
47.948261574262474
47.950007380892906
47.95772935358847
47.982170728384105
47.978279476720594
47.99042816589355
48.015993489519296
48.03743241547144
48.06148964291269
48.07593813803244
48.10804378033971
48.11769378157784
48.14834498406126
48.15437635965995
48.15529796433928
48.16479378661731
48.180571853050374
48.17949814372428
48.208286915722326
48.256518255036454
48.27316780574187
48.270475796508485
48.27655949701934
48.27653411059169
48.30685536076185
48.31869155612202
48.33517227941356
48.346101234060534
48.340034544163345
48.340037809139986
48.358750699718726
48.3825800273898
48.38745994384679
48.39600193911638
48.423637638515686
48.419375728930596
48.44901266134039
48.47034782601841
48.478874098130085
48.49274333083495
48.50851623602929
48.518950796961875
48.52777707860261
48.53569830798864
48.54571265727438
48.55177045343113
48.55255904844368
48.54407130041691
48.56458345863945
48.58125213353744
48.590132193940505
48.61154916760609
48.62049164038294
48.6342365836873
48.64327749644025
48.666990334013875
48.66632496162137
48.69630624304819
48.69934586506176
48.701577157509064
48.70127996049143
48.7070188678467
48.73929588748434
48.74747779607499
48.767818188291606
48.769029984356806
48.78221194349096
48.78350858577286
48.80535310851535
48.83490481401157
48.832882865357014
48.86559802927207
48.88366472230442
48.91691607027273
48.91549139491079
48.94289018998856
48.981783785712416
48.99388939837244
49.025879596690196
49.07211793239266
49.06538980388218
49.075525857592915
49.104759264579236
49.11189810300513
49.14545347567355
49.17283674288084
49.218194222369256
49.234846555635144
49.25298654654748
49.29019523832981
49.288007012252514
49.288262359920786
49.308812516940655
49.331909212528195
49.35605902247259
49.36514175660661
49.36786065695997
49.39269432025644
49.41206874458368
49.42217841088645
49.43342815133065
49.44555476911136
49.45476967178397
49.49325772984478
49.527793836419015
49.54393434966769
49.558608033595526
49.563539928099246
49.58400321627844
49.59527277779047
49.61425443206595
49.65934524256095
49.68441574773965
49.712885463848856
49.73791249404494
49.73788598223382
49.76641354039937
49.748127210928324
49.75873108406482
49.759549055807845
49.78045466778751
49.80092251559761
49.803782204405245
49.8224390773868
49.82955565247893
49.833760599723966
49.84555920525534
49.87375882132017
49.89907892904349
49.913641262268484
49.9366024164936
49.94937611233316
49.945895270601255
49.95269632637245
49.97847529686239
49.98705914803851
50.01790979269242
50.0252069413408
50.03209575670909
50.04519955502554
50.058250049477344
50.095224960507124
50.106709583043674
50.103037303158075
50.12013961895953
50.124689401426295
50.12673569661482
50.125563902087364
50.122452697559744
50.138864312551995
50.16884658243353
50.187499298186715
50.208393202926025
50.203207400808225
50.20085888038073
50.2154668469015
50.23745946352031
50.26791424200054
50.3008794556963
50.31339615296807
50.33297726508226
50.34158766180804
50.361143853764666
50.37334281120633
50.40231221846283
50.413616748385316
50.44871016279436
50.457851054451766
50.472476697740234
50.476069008696385
50.49117412306049
50.50019404514287
50.51328840810607
50.517243819292204
50.533489044678134
50.54348979182654
50.53940030216532
50.553704647889354
50.56818054981557
50.59291880353485
50.60316820614091
50.631358199835724
50.64607854921238
50.65486220526691
50.66116353465548
50.647670772890365
50.65790326789174
50.68627108774814
50.709154224733794
50.74051003347912
50.75686394307289
50.75180082624301
50.757725597514444
50.76010331953384
50.799862282038305
50.828663502993166
50.87041054729605
50.89451590031259
50.931758770833405
50.94526939960439
50.95068586168813
50.97461160626529
50.99127693022508
50.99535570153614
51.02222796482624
51.0304315201062
51.05754133208593
51.069875009124466
51.07790068673267
51.08758352112868
51.103186696065855
51.104126107788574
51.12333928691881
51.153527733943314
51.157186358245276
51.15892205356024
51.142113835568836
51.14583600081903
51.14826226364822
51.14933707525968
51.15836066336968
51.18081520549881
51.18828321682901
51.17637303172693
51.17269231509534
51.18988301498337
51.200546646685254
51.2163084358655
51.20067677127437
51.20479205986972
51.22284517796516
51.23582648280371
51.23992616149819
51.252129486149485
51.283452258333675
51.31534376460186
51.32085221893959
51.33212643691422
51.33584746974271
51.331702034974995
51.331773339468505
51.34760611700178
51.37457782722656
51.382989537858926
51.39286024026708
51.41290177886976
51.43945886338874
51.47030709838065
51.50103903270116
51.50582908311088
51.52977012897365
51.54636762847539
51.555799557192444
51.55378480978691
51.57447809057631
51.58575689551456
51.59214411715328
51.59716955385891
51.59125671578908
51.61529300903928
51.62122470221838
51.63572879105382
51.63410162859313
51.64325793076369
