-0.07909268382403298
0
0
0
0
0
0
0
0
0
0
0
0
0
0
0
0
0
0
0
0
0
0
0
0
0
0
0
0
0
0
0
0
0
0
0
0
0
0
0
0
0
0
0
0
0
0
0
0
0
0.11041611829023577
-0.01579472164356728
0.18604138625322464
0.16224515049749377
-0.1011110960114309
0.042689075392722646
-0.006331955900965052
-0.04733698706882038
-0.1090205319774781
-0.11988863445346372
-0.20202015445377441
-0.22265972474023635
0.04514539378583594
0.08268323807488565
-0.2821980143808618
-0.02449903986978462
0.2212668161952086
0.041354707660158446
-0.00863155460035106
0.05722225230899835
-0.010468143182337235
-0.038803690770732584
0.15078206736188338
-0.13848899336533138
-0.13320841143488307
0.07483008546206191
-0.08829132002494289
-0.0037056968515288956
-0.08720518613220427
0.01316703700978819
0.05476610011938862
0.09724097550607014
0.1625910489064859
0.003719935344576586
-0.181155849812069
-0.03419774134500527
0.03875794187266641
-0.012857852924503392
0.06429700991737801
0.07149849449386751
0.07689295690809393
0.15585674804510039
-0.0431958821097198
0.024436465672677064
0.08957175880700995
0.07941510823428
0.00036233942087702896
-0.12414421638523501
-0.03375965131939208
0.044484643624373016
0.08493727634410107
-0.08650567117553033
0.008269355060222009
-0.27339855062795076
-0.02914503983930768
-0.026017925724701848
-0.0337389727522035
0.02395614934012537
0.09682385304485151
-0.10067274292352604
-0.018651451447194146
0.0059010899840501695
0.10869238972223104
0.07792651188152128
0.082531241969873
0.092560840648026
-0.08010640882018988
-0.06456797078085555
0.023086058401024366
0.1994439773728939
-0.006434344179883263
-0.030956177364357948
0.052589731764238506
0.0024149607711115117
-0.1730699530787528
-0.030009493628647577
-0.0861587514445682
0.02308684700618035
-0.06396458207711866
-0.08439699044164785
0.1345409634939891
-0.014102259250082001
0.021979202936238687
0.05206166951813194
-0.137806521551092
0.04349952922436264
-0.0894991867490817
-0.32781197758935454
-0.09927488532684546
0.018987537496218763
0.03874595371864233
-0.06832246904899354
0.06679248078337006
0.15007302341462467
0.17090674696414038
-0.03734674196433703
-0.03824327668345917
-0.02426598277232477
-0.09589022875511417
-0.04465278850666351
0.0908964024453301
-0.005271152482596475
-0.042783395217220105
0.005887451103010818
0.15228417115616824
0.020860160922108174
-0.03468225508478181
0.12215397971073538
-0.06804268719161592
0.04115075569833303
0.11322478228372855
0.018988405195716786
-0.08842346790630427
-0.0001651743242445175
-0.06403588002496353
0.008649339954995325
-0.061390123450887985
0.05258760917280664
-0.04023988063741742
0.08754106411199375
0.10421718360124164
0.22492096994314348
0.06799794273194813
-0.019768639381414127
-0.1909018817637642
-0.07489652889264281
0.024498455707214872
-0.03309804520253195
-0.07903652583298178
-0.053207564630920835
-0.0013238552443474853
0.011487478818449241
-0.12683922055258548
-0.12080296548865961
0.05452324085305482
-0.0863904956953234
-0.09043812350433922
-0.012666988119497383
-0.055033008196948334
0.01830528410762502
0.07863571579835642
-0.17835234112885304
-0.0749663929606085
-0.1612198146688763
-0.011096973438280706
0.16327242774167977
-0.06994504881427295
-0.1332506310273158
-0.08586467097787298
0.05512554541428452
-0.05854405593628818
-0.08804075935950537
-0.07905807149798008
-0.022649354563472328
0.07089031644702491
0.03089324885513004
0.06781942906160497
0.08927128017750063
-0.04262284145802185
-0.09761528056322731
-0.047833604720443436
-0.018812119751685993
-0.038546551187579825
-0.11084106200329782
-0.04146338368442984
0.08743817814031424
-0.007110747365411338
-0.07466065784929897
0.00035255456815704375
-0.04755878825554276
-0.03772104760039858
0.07126841043220142
0.14091147302571047
-0.12819621811950072
-0.0628952817964775
-0.027689399129239036
-0.15079108431859914
0.03761336403848925
-0.12539877712939404
-0.04827552325785569
0.06239501234735009
-0.11978093255776397
0.0899573140552486
0.006350912932967675
0.0014384643499997297
0.013078771399559697
0.022925968730611937
0.05499134621832047
-0.025439266394321848
-0.08102766150799866
0.058855176409252224
-0.04398683040319626
-0.12935218255292755
0.16704505397701935
-0.11220581730626177
0.1756947084278102
0.04837950860424735
0.02333392630804894
-0.046354245050528604
-0.17935077212168762
-0.07153957529284542
-0.09520614321040938
-0.08459516183428817
-0.05931987549258508
0.0829893944492297
0.045106129487628016
0.036168866619550516
0.10773376526390058
-0.029329830038707677
0.13510426256662658
0.026651317019432703
0.18207717566678805
-0.05587423149646778
-0.2583953745701148
-0.06531476636821494
0.209308759941531
-0.039276519618208876
-0.11252685228727018
-0.014959553554006234
0.09069200015919068
-0.10020592043299509
0.020525652310022204
-0.06214353942172335
0.0886340844121864
0.05141050269136337
-0.06391431484424473
0.07345030019400443
-0.04225190171776343
0.16197065767823945
-0.12674345315254515
0.13916442547864097
-0.01983699412822322
-0.0626948517725354
0.03683213622270075
0.10537649126953393
-0.016640797928448258
-0.1409324861513179
0.08261107296199433
-0.09766524500492388
-0.021355651601279144
0.08200965090192971
0.1108746723374534
-0.044958934102332176
0.04306930228716627
0.020594532117354875
-0.15477395321344478
-0.005451145163077476
0.23164918577369736
-0.04018707352709104
-0.009870947085653892
-0.024897891458113487
-0.1436667432018278
0.09532204148306915
0.11141000269613724
0.08073871636790905
-0.047736727020637026
-0.003577636907581751
-0.02017835504722975
0.17216171520241452
0.07786879461171684
-0.08296482627845685
-0.08307592414126784
-0.12629052323299944
0.10883806303852404
-0.2035374921022649
-0.07566023293845346
-0.15012079853013874
-0.0626654685469828
0.10308634127529491
-0.10594433809677808
-0.15094983459716413
-0.1178420700113168
0.0821990839874518
0.06823730269168014
-0.00283650132417305
0.12651320148677656
-0.1302343724024097
-0.11156378799705709
-0.011364851525389255
-0.03764514359295015
-0.023648777309668516
-0.021597878013445856
-0.07416611192939067
-0.23729603935908822
-0.03945025602076475
-0.046037674670589473
0.14490948113545127
-0.08775830373567255
0.2091132131332544
-0.06164760139886982
0.056278166105000596
0.09683022495479066
0.018012025162311807
-0.08250253307377618
0.05386871389622162
-0.1391033961786751
0.07421040281813948
-0.012319600013409286
-0.04659175612800137
0.08780370960371549
-0.025582525438663795
-0.08951423775503528
0.03487145016897504
-0.00881884657520748
-0.025258970659404606
-0.05628130965543681
-0.10299291917001939
-0.11302561227045281
0.12921723492357268
0.1121977107538193
0.06095974990908194
0.102120416754022
0.12863768387683633
-0.006741455852798731
-0.10757446803381165
0.17013010393944913
-0.0903755959344428
-0.17068615814631405
-0.09332701442984664
-0.07555847882540417
0.015091325617403093
0.12524840631727063
-0.10867578081417138
0.12217894061147788
-0.20029964736309763
-0.0614586449132144
0.12591156007459112
0.045411723571465515
-0.009701786783654099
-0.04837793071645735
0.04030541812390609
-0.06689261620741473
0.14027094854582686
0.06555277725241765
0.04313085146135348
-0.205209166736889
0.1560122067073154
-0.029754787095800928
-0.04335418802239038
-0.0978486531797702
-0.02528292641926387
-0.0838660213871464
0.009045904144638978
-0.02269442963183463
0.03978689241062884
0.06081498750809864
-0.02613964504907032
-0.030599415576606642
-0.1861082341885698
-0.005226905000158746
