-0.006688132465377112
0
0
0
0
0
0
0
0
0
0
0
0
0
0
0
0
0
0
0
0
0
0
0
0
0
0
0
0
0
0
0
0
0
0
0
0
0
0
0
0
0
0
0
0
0
0
0
0
0
-0.013770787030907328
-0.005861420718222269
-0.0028684928489285636
0.00141047730151888
-0.01761684328256715
-0.012817506920874366
-0.016467317759541758
-0.009504561258743608
-0.010170651109171935
-0.006834422535678255
-0.009176776834012242
-0.015680778612147114
-0.01270925446639737
-0.0242947879015529
-0.028487333661230668
-0.027879627057921776
-0.017884060460083402
-0.019505990760366725
-0.026081539166232705
-0.02212144022030467
-0.024455656219721806
-0.03594998560420395
-0.03236768325933528
-0.03868711300485496
-0.037129883709300315
-0.04580206314003688
-0.04449348536336414
-0.0467375877399816
-0.05097599744895081
-0.04028167550093983
-0.03536744949121452
-0.03476993507169135
-0.03351600344100998
-0.036154725459706424
-0.03418100244664461
-0.02380805063072039
-0.021751148267386902
-0.02218572086482504
-0.022091125204239122
-0.021702169746490994
-0.010643037674186862
-0.012388825276373902
-0.011536286325731396
-0.004885151723785068
-0.015583371188107258
-0.012669026699793112
-0.007422869892177697
-0.00676848980429379
-0.01644993617631986
-0.019457996268852053
-0.009856614617560901
-0.0017851603678610134
0.011144219196038703
0.0002641532356777755
0.004138664127979497
-0.00378982947371187
0.002519375400740458
-0.0020949554879933
-0.004739971126105911
-0.007120324497894337
0.0003044180720434275
-0.007039068735366463
-0.012242165260335858
-0.007249030055203834
-0.004031257934779275
-0.023258769333005812
-0.025247541005688448
-0.018640338457926044
-0.018438181333909145
-0.01860289892221994
-0.01606927019565606
-0.016944374869233964
-0.01828142714311356
-0.018887960894696736
-0.02818656919915237
-0.02164016667745736
-0.038560587498125326
-0.04158465962626583
-0.0446706597497388
-0.0408444793020432
-0.03914890093897893
-0.03518987667631627
-0.033741631734336704
-0.043811717153925574
-0.04317186487899212
-0.043199728590931304
-0.042001722660767925
-0.04181811723347106
-0.0360872757387904
-0.03162972043262967
-0.03600821486452816
-0.029523842207204675
-0.032541929544742006
-0.04053318096732331
-0.045039271729297815
-0.042883781026808725
-0.04476729448333963
-0.04376499173523409
-0.031555272862316165
-0.02234039749047724
-0.011968840704167637
-0.01741286439857646
-0.028076230405234857
-0.017492047719994623
-0.023879239067925728
-0.029750518090199733
-0.024781981913155927
-0.02430175404635914
-0.023415439920041563
-0.020290718333285628
-0.022541737639658926
-0.022346653703776868
-0.018839335397506454
-0.0242977420986118
-0.033469761268091015
-0.03727420036332555
-0.03714516536171561
-0.02672871634412216
-0.021855199426039813
-0.016200491300937623
-0.017455086153165905
-0.026292137816135576
-0.016598042319163606
-0.005698370140817756
-0.004533341858223264
-0.0015527890669638435
-0.008942470820421709
-0.003859796187879375
-0.008530012736860212
-0.014706687711795927
-0.014787260290243407
-0.017584875243505126
-0.014270243614276253
-0.01675698607640369
-0.009476374812581359
-0.018004464450707067
-0.02423013299432105
-0.03751362936137865
-0.04794376869407319
-0.051418268882032166
-0.048198745511828796
-0.05009935505445404
-0.05681334796457024
-0.057539257733382976
-0.05126602266230678
-0.05402378532256086
-0.052396176553904925
-0.05738834238618568
-0.05779092127431626
-0.06535545495927919
-0.05171023043490701
-0.05213324242306889
-0.05107993842092757
-0.04829048561762891
-0.04542769271113956
-0.04895790311435192
-0.04715817718430697
-0.04451083024867342
-0.03584334093977132
-0.035524320349785594
-0.04063900659095505
-0.02174462555096214
-0.022393220548798127
-0.02029048826478391
-0.02047714206284974
-0.019158068167545027
-0.007375698171356304
-0.008222497184715738
-0.009493593868549532
-0.004500838646852104
-0.007262386000291693
-0.007075608254086738
-0.005643796735836324
-0.00743384340743517
-0.010174169010612173
-0.012193804046376835
-0.014389203306106596
-0.010798417767039397
-0.016160399654034985
-0.02963498820437301
-0.025271748809113797
-0.02126133742300856
-0.017964130636362215
-0.012434750530903347
-0.011541933776501
-0.00722822322499637
-0.013357099794085388
-0.009260591251951118
-0.017070665471276184
-0.00896227964867554
-0.007783600451894559
-0.0021823407898882126
-0.006566207020529363
-0.014022349968277729
-0.012232192857334751
-0.014028413140759796
-0.014341784108199562
-0.007200268980988405
-0.0189110148991622
-0.026516576494761804
-0.030099128018844564
-0.03366439239083326
-0.025648639819846004
-0.02855272813179254
-0.040885759980614236
-0.04842475210420312
-0.04862093988989279
-0.047706887790392456
-0.04049906103655242
-0.030793262911412538
-0.020880446329531677
-0.021789202838512906
-0.0188886170805248
-0.03504426484702483
-0.039548937293110764
-0.03629480791435436
-0.022316995408682656
-0.031698751514307295
-0.024689388460952786
-0.04372249146812294
-0.03852912367553714
-0.04844568176226948
-0.049079663224359076
-0.04138455676753863
-0.044681930601085613
-0.030393210820011132
-0.03893657101328853
-0.03723839259986134
-0.038361804057179955
-0.04448554562033566
-0.03822602286246768
-0.0418142943084857
-0.04765676215264511
-0.052998416129882236
-0.05665730236527519
-0.056702462331128266
-0.051342185090021294
-0.04784658004430767
-0.06742561878445937
-0.0726867238789259
-0.06434768347549304
-0.07164022155130646
-0.06683732522629574
-0.07931091365845538
-0.07462425155756365
-0.07088256525425493
-0.07699677981903522
-0.0878449024472337
-0.07168340982052063
-0.07689436585421172
-0.06723950010276661
-0.0644653849904812
-0.06975143714445783
-0.06963512382025912
-0.06011343198706557
-0.06037018105763023
-0.06311010927573188
-0.06488934136273895
-0.07213981373116703
-0.08093699011474928
-0.07396520312428488
-0.07544132919884176
-0.07439168759414085
-0.08075289204458139
-0.07425160461449279
-0.07113445662704353
-0.07331048210133405
-0.07939757860419042
-0.07564728310074315
-0.07435219180448145
-0.0675854398505841
-0.06999230948303133
-0.08224438358951901
-0.09066720261165104
-0.08971753162552464
-0.08534978972645565
-0.07760941723785066
-0.08058516495663949
-0.08228395870815326
-0.0791951418875259
-0.07544677642138906
-0.08416544913471871
-0.07999348502161253
-0.08211871981881512
-0.0805335462943793
-0.08579799149345228
-0.09130264131480396
-0.07965605508639526
-0.07231796613380803
-0.0690385736662947
-0.062476566540408576
-0.0598828848619851
-0.07193221535111623
-0.08104410515199516
-0.07803736706852968
-0.07156324104817553
-0.06511781223886011
-0.05630524776027167
-0.06527721380332205
-0.060568846931835015
-0.06173167524608387
-0.06671158510162069
-0.07253894431159688
-0.07164574324956717
-0.07029096559997698
-0.06889793036656913
-0.0728520766070814
-0.0661997310035158
-0.07159025043203918
-0.07127531008993082
-0.07497272195145216
-0.07734747089964561
-0.08970518521487802
-0.09270347826611623
-0.0998200224731049
-0.09508750899121847
-0.11264861262624448
-0.11768073813110207
-0.11259433975393719
-0.10746471114087917
-0.09752390046303884
-0.09898708931012447
-0.11007216059553068
-0.11420405169133549
-0.11736821981734463
-0.116433952112991
-0.10962751978076248
-0.11938743130277585
-0.11984639718440668
-0.12373516147241205
-0.12335631351822868
-0.1227614402183266
-0.12362208965213778
-0.12487869984545792
-0.1240853965690698
-0.12478410344831795
-0.131727380098338
-0.14131009466557537
-0.13502449781596354
-0.13664188046147974
-0.14335928928336744
-0.1500700628137447
-0.15427468466399158
-0.15583223604621174
-0.1566099820762749
-0.16124876930035714
-0.16936852731476104
-0.16967607491527567
-0.17103368454513543
-0.18067142187912594
-0.18872843116303734
-0.1846119937558132
-0.18220496935138303
-0.19252190318287224
-0.1872787651657316
-0.17990578494219586
-0.18667879248012648
-0.18684598422891807
-0.18224340697353994
-0.18702598426267153
-0.174067202888207
-0.1750422354985429
-0.16950612847876664
-0.18188171081160043
-0.1828346218575786
-0.18204932513840524
-0.18182458586340103
-0.17725160478677918
-0.17586128897472883
-0.18361146794465022
-0.1834366038490797
-0.17454959752727747
-0.17008737897837595
-0.16300734099488312
-0.16494574196774983
-0.1617485340048978
-0.1590445495377674
-0.16491359694723542
-0.1644831582679709
-0.1654287580270591
-0.1652909594733556
-0.15101746526095874
-0.15396921942550856
-0.16499730562421341
-0.1663566442950235
-0.1651354711279935
-0.17190861155234366
-0.17194996993181205
-0.17044993894074797
-0.17370054349207456
-0.1791630721202177
-0.1798332707936316
-0.17966229613549842
-0.17446751099354116
-0.17000611639307917
-0.17207803095226873
-0.17780891625896666
-0.18412951748443857
-0.19282115010935721
-0.19729513047047473
-0.19227890778820705
-0.19085551903824804
-0.18969439696082643
-0.19200791605145381
-0.18216704297216396
-0.17993663550224745
-0.18952377455485067
-0.19661948734490553
-0.1881586145907085
-0.19035563823716004
-0.18314220608639295
-0.18129942042894953
-0.1833747894217521
-0.18671592885084562
-0.19748028190262087
-0.18595174630110878
-0.18881787767749714
-0.18441678324533123
-0.18016987086869357
-0.1762825911701861
-0.1821238995226895
-0.18211141778015244
-0.18911912958845642
-0.19652405343439147
-0.1942042308856285
-0.185751827215029
-0.18766500985908766
-0.17949881587844602
-0.17493149094944757
-0.17408201795580247
-0.17488156583253206
-0.17647916600953054
-0.17817644193122975
-0.18212824817423992
-0.19053031019624297
-0.19039081695063467
-0.1858796796120222
-0.17772944702612983
-0.17541200040692437
-0.17548535036125107
-0.16206316553787384
-0.16844347367208967
-0.16039478745959254
-0.15401649213778343
-0.14953309279692634
-0.1495035531962992
-0.15838968731510902
-0.1642507403711691
-0.15728804027289311
-0.1516200326147081
-0.15799628069738983
-0.15854206369335064
-0.15980386057648546
-0.16511846044469225
-0.1668699032645128
-0.16317903571965175
-0.16237313648987248
-0.1634249263965747
-0.16257416651872775
-0.16676089305465686
-0.17324479229756876
-0.1752381890873364
-0.17244402823208543
-0.15966384697332356
-0.15835840337606524
-0.16723889745053228
-0.15578266299281293
-0.1499911076424405
-0.1564325263897789
-0.15699584286944993
-0.16469719923203838
-0.16489359284979577
-0.16075115049714203
-0.15954475060546655
-0.15759700097806265
-0.1543394720783716
-0.16119119260340847
-0.15375319130500703
-0.1527226134834106
-0.1558143632308653
-0.16211757599540597
-0.1591011978241
-0.15765500761903092
-0.15620999599522484
-0.15435307610342316
-0.15043715909132901
-0.14591447087506657
-0.14016081224156648
-0.1384530751071645
-0.13555118820673617
-0.13688993402612853
-0.14201879445231702
-0.14657597488843943
-0.14318954041276138
-0.14773945449521206
-0.1611963556594848
-0.15841643416546033
-0.15819236163973419
-0.1616372942527881
-0.15904381087596645
-0.16446452323200556
-0.162712191749233
-0.16788590098027298
-0.17715856377695607
-0.16028665012295884
-0.14684866747676986
-0.15382198227206093
-0.1517802462849892
-0.1505092583912338
-0.14417871715496594
-0.1467980275280742
-0.14485143628942881
-0.14524325071497382
-0.1442044624477995
-0.14035499776962332
-0.1392828142775313
-0.14390096938182118
-0.1569311135267861
-0.16141827635780662
-0.16125719478315553
-0.16967952661089397
-0.1752665162967399
-0.1847777551939959
-0.1869226937530913
-0.19281022411771093
-0.1922987381148763
-0.19714448928552492
-0.19585435495700715
-0.2050589544714159
-0.2007202370744985
-0.20534604015625033
-0.20912922736690986
-0.20723391551004458
-0.20779305399423184
-0.20665791592465516
-0.2108312169446817
-0.21803749667784664
-0.22236095472542877
-0.22014371811455985
-0.21241524828796632
-0.2118243984875703
-0.20320868856831736
-0.2071164619053415
-0.20577819877703296
-0.20403011851630257
-0.20377590240126114
-0.2166302339113708
-0.20362550885464334
-0.20292854567428653
-0.20362676503225796
-0.20362179771645184
-0.21012212640972755
-0.2098533934058953
-0.21201539944765488
-0.20300084928979836
-0.19960696777179754
-0.198227107955546
-0.19830500605002416
-0.1933427201480876
-0.19788087333923265
-0.1941107326704656
-0.190403746896756
-0.18244293503388037
-0.18508469979020564
-0.18508983662775505
-0.19047481419405163
-0.19347539991232926
-0.18785191466562667
-0.18603856103818717
-0.18262855583552254
-0.1782124231525967
-0.18158647973605882
-0.19011848035359213
-0.18708787513600703
-0.19056988553853946
-0.19952061744346708
-0.1929154659814232
-0.20406697303501006
-0.1981203080212997
-0.19887126771704053
-0.19787593842685758
-0.20205542467128093
-0.20254083449740815
-0.2041942193349005
-0.1953188346773223
-0.192195168650025
-0.19069206879569342
-0.18572840663114368
-0.17927140935784125
-0.1867011942168588
-0.18303986439615838
-0.18000906122410085
-0.16392793147666113
-0.15117761196799134
-0.15226456215693845
-0.15888059964770937
-0.1651157749203497
-0.1588021877425445
-0.1592831617869577
-0.1603014138470681
-0.15349938280819314
-0.15240867236617647
-0.14779034977481342
-0.14460020476533436
-0.14602988524499402
-0.1410904113330536
-0.13060174780965644
-0.13458944548084448
-0.12403270053738148
-0.12240443804195264
-0.12478470814302747
-0.12028601671599538
-0.12677196384581535
-0.11824322764608025
-0.1166441511875332
-0.11615552283815024
-0.11463460893971716
-0.11437182821392529
-0.11256169182163281
-0.11770054634716243
-0.12044931241398296
-0.12348984212863715
-0.12112767189376303
-0.11970302053075639
-0.12597243501198357
-0.11584526265987521
-0.12171681841547034
-0.12999619254294886
-0.13075297200965846
-0.14013542926868336
-0.15376715558767004
-0.15275919189168705
-0.1495521610164857
-0.15626486851256527
-0.15952006579506678
-0.16272039269249639
-0.15614455596292523
-0.1628896112801855
-0.16033607051612436
-0.16979050119924666
-0.16394600835871048
-0.16271125670682537
-0.15939925970757288
-0.1536806656675728
-0.14637996954012636
-0.1347903323357281
-0.13621885590518032
-0.13333342929062317
-0.13857155544591668
-0.14611860170032642
-0.14453275053567996
-0.12945022317338373
-0.12379123529240361
-0.1343220115037571
-0.12957503777336868
-0.12512110708355953
-0.13729457536875614
-0.13596447736835798
-0.13338757768898732
-0.13866836165133126
-0.14638480344093138
-0.14570460737148716
-0.13499614316116398
-0.13825431341143893
-0.13224070940716384
-0.13055778711373614
-0.12768961859199968
-0.12963216208310174
-0.14116602433811917
-0.14244757122745602
-0.14837538676731957
-0.14189645825459313
-0.14878200117184318
-0.14349900722741155
-0.14202922229538478
-0.13487275024206066
-0.13344524325891463
-0.12365159093077774
-0.11698086320838667
-0.11459598657067276
-0.12002465511985107
-0.12149401050270907
-0.1252596488440648
-0.11706611540952187
-0.1181402245547109
-0.12124201041477929
-0.11609458271811161
-0.11367099374770165
-0.10638814304911008
-0.11481594540496645
-0.10706497481552288
-0.10407941638044134
-0.09649972553860628
-0.08903755065622673
-0.09037123710026174
-0.09311933057063869
-0.08143052636304217
-0.08856971522639663
-0.0969138243675134
-0.09883420547601418
-0.10334414412850382
-0.10341515228445489
-0.11278089383415327
-0.1063864147327509
-0.11088371301241803
-0.10881853412720592
-0.10410437724455684
-0.10199448670736441
-0.10956551507172498
-0.1088823360046868
-0.11233632235777656
-0.11505769693884418
-0.12050910558358525
-0.12174709540152401
-0.1221476495869368
-0.12427491565306503
-0.11749015394030153
-0.11379208823781388
-0.11376313617325007
-0.11506885876519962
-0.12325036643206658
-0.12072375901096383
-0.11359831275269748
-0.12055363810389824
-0.12298659306203683
-0.11896743724062524
-0.1185790327684489
-0.12112763229371665
-0.11434094174337307
-0.12131493676557067
-0.1153420012281
-0.12591544048333408
-0.13485905441221124
-0.13668250675683793
-0.13199673632578585
-0.125609232410461
-0.12652468494812974
-0.12064167686428325
-0.11463403985363602
-0.11121537668348629
-0.11526940369363932
-0.10521227897783096
-0.09786364230037826
-0.08550242398419172
-0.08471325849788301
-0.09337798260618316
-0.08965875125242913
-0.09580384974087497
-0.10302673666036205
-0.10173297506391821
-0.102354986578327
-0.10145624860743563
-0.09869030728061462
-0.10576517127988155
-0.09508056356323169
-0.08510905391771706
-0.08493999134797466
-0.08344035715815686
-0.08300588896046303
-0.07625026558394567
-0.08191721524508955
-0.08652809114716672
-0.09620936274185987
-0.09323950382898216
-0.09345089971406421
-0.0947345861988989
-0.08716674662767367
-0.09484857086872928
-0.09462025740791645
-0.09922189141494793
-0.09990018484258131
-0.10486512217714379
-0.1066310597162703
-0.1105079522428229
-0.11949216144777057
-0.11031720077199218
-0.10437799604931332
-0.10673187248602317
-0.11007756735852575
-0.11253933090425351
-0.12005327402654721
-0.11541164900271576
-0.12454602440764448
-0.12466550854142389
-0.12377107317133196
-0.12075939191244714
-0.11956840227672616
-0.13018395308667913
-0.13535082290823733
-0.12298147710627452
-0.13497131100412377
-0.13295854888997716
-0.13181693924524734
-0.13401475320567058
-0.13256524425860622
-0.1373679944075031
-0.13174770846587605
-0.12421950502219652
-0.11941632439227223
-0.1150781401727188
-0.11417000321838584
-0.11139059544396204
-0.10303346670370979
-0.10237947768859998
-0.11225266489097009
-0.11477566306981529
-0.1167729855213434
-0.11461368667013229
-0.11443091261732725
-0.1079097036916304
-0.10883449812319683
-0.10851507202768695
-0.11504198521995906
-0.11529635246256299
-0.11681880507448662
-0.11279410093121833
-0.10699002545485026
-0.10850800896840114
-0.10513556731513769
-0.09680978610749331
-0.10156767878689815
-0.0965677258687108
-0.0925055303243857
-0.08572564218923137
-0.08620663580042309
-0.09124131439912592
-0.0870404568903414
-0.08514277635638946
-0.0867939792954905
-0.0921376275021964
-0.09208055337298705
-0.09678037689648836
-0.09660059899705564
-0.09284390712985494
-0.10226235822052845
-0.10161157988757408
-0.09972391018934587
-0.10054899607312245
-0.09203759621274024
-0.09126142143341998
-0.0907761152509374
-0.09524480966170257
-0.09019105874554346
-0.09637959863462894
-0.08878391183904061
-0.08633848285192675
-0.09108247298291955
-0.10237910673840114
-0.1041197326941336
-0.1114349775753263
-0.12424192604409687
-0.1264934366282515
-0.12428554292800653
-0.1283255552304279
-0.13523975466264934
-0.13987230036613035
-0.140860404628533
-0.14558374309157987
-0.1461156553447256
-0.15396320774277986
-0.15185231197079904
-0.1471750841161004
-0.1441717015420503
-0.1391582891214693
-0.14328457779411047
-0.1344848259446782
-0.13438874836784978
-0.13861777756421373
-0.13118587321976297
-0.11864193483058165
-0.11678134381896843
-0.11508928547312362
-0.11688599723411904
-0.10866732270612703
-0.10461873138164386
-0.10088185040065589
-0.10555666008193691
-0.11507390243763546
-0.12689686278560727
-0.11947874017110041
-0.11664429053821725
-0.12403990883951088
-0.13240778562563152
-0.13094348131528916
-0.12617432515604377
-0.12107640108856241
-0.11259315074029588
-0.1125968897212529
-0.12356496268008535
-0.11897568920111187
-0.11715976899477189
-0.11849377233715547
-0.11796388491783057
-0.11444192279814096
-0.11870665611600727
-0.12155441174222147
-0.11041095305409575
-0.09989898058395673
-0.10209781894075787
-0.09885357091265548
-0.08782673285265727
-0.09135537963612836
-0.09175827690357478
-0.09384316520411294
-0.0994287960096242
-0.10083268718246995
-0.10918514027538113
-0.11147055893177928
-0.09911238789793737
-0.10080442406785776
-0.10620616634732123
-0.11270268350479158
-0.11074986655014796
-0.11760046377139775
-0.13064252134288007
-0.13203789963782822
-0.12645667708393327
-0.1260875787891674
-0.12073759321622106
-0.11389187400817224
-0.12764550229358543
-0.13243052614852815
-0.12247256282318443
-0.11272260035939427
-0.11115469596092285
-0.10267309461645942
-0.10366987068583255
-0.11314035446902229
-0.10676396051827845
-0.10486701580583266
-0.09924903325849625
-0.10076798619107637
-0.09718031217262599
-0.09767697194591482
-0.09282159736443624
-0.0954779274064661
-0.09576697486481674
-0.09741081477375696
-0.09150779006605717
-0.0820649572474641
-0.09680009879845279
-0.101496063844247
-0.10134395425374934
-0.11226126493780235
-0.1125341537493597
-0.11603143401255679
-0.12205029191343794
-0.12452039547306902
-0.11999320953770866
-0.11565260282320532
-0.11016828339615406
-0.11499646745347093
-0.1202776484952194
-0.12013796008747965
-0.1250869799080271
-0.1304340783394854
-0.12514558749844185
-0.12920466974046982
-0.13214340607646852
-0.13873145626635872
-0.1388274865456072
-0.13518723709016958
-0.13402915271783125
-0.13481828277445207
-0.1355883565949435
-0.14193833053829547
-0.13972632026020848
-0.13879478847175689
-0.1462439483502043
-0.1515708599946929
-0.14563160998222824
-0.14225631730541455
-0.1456499684889139
-0.1435442263346956
-0.1433139502749289
-0.14242722087670653
-0.1424095109133063
-0.1428628403983079
-0.15036910641754717
-0.16351563106954267
-0.17373312909783367
-0.17436889361615993
-0.17526333584545312
-0.17924601571361937
-0.1762919381860496
-0.17451500119152247
-0.1736191013077307
-0.1831322691811303
-0.17782982732526859
-0.17830940984267532
-0.18249686612604385
-0.1766893281693907
-0.18069205424478918
-0.18773254730713385
-0.1799644468001263
-0.17544571398475417
-0.1720680949974217
-0.186316624489446
-0.18602447663663796
-0.18430469065245145
-0.18038412586655872
-0.18423087802629193
-0.18699931268594933
-0.19084736097015143
-0.19266271832798534
-0.19466810533928539
-0.19425072120442496
-0.196007945490757
-0.19131833174188376
-0.2008240327455392
-0.1931582035811471
-0.19313718930622628
-0.18847102367181245
-0.19087776423914954
-0.19662629160306688
-0.19176600032951638
-0.19602426843905857
-0.1993634675143908
-0.20473890235546924
-0.20552870583716895
-0.2021289112437522
-0.19142580192461897
-0.18741039719351987
-0.19558695508258692
-0.20552421242563065
-0.21579209609566452
-0.21275128337210936
-0.21900782689039047
-0.2148662406521819
-0.21942169999314887
-0.22463599089926642
-0.21233909032925452
-0.21460279495784068
-0.21565062655492714
-0.21461337242691086
-0.20755266909206488
-0.2083692450519427
-0.2029375147773719
-0.19605511187095834
-0.19451553814954417
-0.19206923784469293
-0.18618575640954096
-0.17902792701704479
-0.1840781227241787
-0.17716145706094732
-0.1808836653462281
-0.1748490605378348
-0.16915919457347237
-0.17087302729287465
-0.17035824197023575
-0.16755742953253755
-0.1708871130648544
-0.1692053201725094
-0.16555066314056346
-0.17213597752235044
-0.18132407761862157
-0.1925490683040215
-0.1876722946424092
-0.17932402045105406
-0.18321800813048641
-0.1709025392885524
-0.1650536033825864
-0.16093199384526077
-0.16392050252042786
-0.17097479990210065
-0.1678363436716136
-0.16080314731856085
-0.156633580597529
-0.1482148433135253
-0.14277871075341647
-0.14551655621666232
-0.13935078653912109
-0.1376518485018775
-0.1289523393305157
-0.12810740334403783
-0.12433336108397214
-0.12182600721892566
-0.11768678691836841
-0.11917941603124202
-0.12288598385093033
-0.11859932734492341
-0.12072921017515678
-0.11808860301859989
-0.10965311647185536
-0.11904665185671884
-0.12328637293751167
-0.12819003680026655
-0.12913932758856295
-0.12878382198937352
-0.14197526166185617
-0.14842435722372446
-0.14618374988343869
-0.14208091063271652
-0.15016722513524328
-0.1503711847475997
-0.15003597125523732
-0.14647439896326006
-0.14960171759212842
-0.15327355586555863
-0.15200673794887382
-0.15844077435778212
-0.1579903482165832
-0.15980464411158668
-0.1566363684805388
-0.15665705784801212
-0.15674637745738787
-0.16099205898046928
-0.1525676269899003
-0.14630169236413526
-0.15467400872169562
-0.15623996500265883
-0.16438064159810273
-0.15808924870053984
-0.16076670998210546
-0.16054637896712542
-0.16388860820025844
-0.16915387237006763
-0.17000396478579696
-0.17682448000696158
-0.16626661596279732
-0.16739628779711313
-0.15717419236645083
-0.15205559417848594
-0.15795475409708434
-0.16128803529352492
-0.16544517633868017
-0.16211249581494946
-0.1650356117108454
-0.15936227784892362
-0.1526713743915247
-0.15394625441156706
-0.14468346195730353
-0.14711119464813616
-0.14963229524097088
-0.15144660757524078
-0.15781048731018488
-0.16098660064405285
-0.17093782945373426
-0.1772749266645092
-0.17489765858237066
-0.1864528807772032
-0.18226112737469527
-0.17644637529208196
-0.18197195420161327
-0.182452427095349
-0.17417067753411078
-0.16694233927859597
-0.1550175565002746
-0.15215352023808512
-0.14439472230807884
-0.1460855603699073
-0.14996133606259396
-0.14775703137857304
-0.14255327493756215
-0.14320754759808033
-0.14931010582027027
-0.14362838535750846
-0.14954023778540254
-0.15133309724547733
-0.14990087738885818
-0.15586142890584456
-0.1549286546352807
-0.16988385229136307
-0.17038100659673025
-0.1660107887941397
-0.1641346184892085
-0.17280491598557016
-0.17079603310007088
-0.17668539693950935
-0.17436005550033948
-0.17117075306859325
-0.17646353546682522
-0.17936008405353124
-0.18625419619687858
-0.17949723707099405
-0.18524787484228042
-0.18870096080604656
-0.18961038957081883
-0.19339829871991013
-0.19493062319939314
-0.19486771788379256
-0.18926566490775912
-0.1855754406711616
-0.1797505252471464
-0.17716485845864144
-0.18168153760261377
-0.17602339067459216
-0.17001850610124064
-0.1798985383267392
-0.19452646339817073
-0.19423463368599014
-0.18774951345797433
-0.19985348434448336
-0.2021238461278195
-0.1990590040311328
-0.19331071198160343
-0.1993339098302084
-0.19512076664590414
-0.20000493081525908
-0.19740410324715324
-0.20250630004712578
-0.2006934784709404
-0.20561812080611616
-0.21126769713562224
-0.21010908639467454
-0.21702046050573812
-0.21849620506695286
-0.22204181014965893
-0.23108566392511412
-0.22793128627605022
-0.24020753018568317
-0.23951426376917725
-0.24120884752402647
-0.23648396807085204
-0.22914851741487963
-0.22956919252845878
-0.2263758675870131
-0.22895553722021106
-0.2215656819439137
-0.20947925294922956
-0.21629934422664476
-0.2134562715084544
-0.2133792851570407
-0.21243474125087397
-0.206877606051457
-0.20970632098879324
-0.21287922438264403
-0.22910843695149596
-0.22586451299280866
-0.22460302153067208
-0.22373292952646523
-0.23019976694476035
-0.23036708852723886
-0.2259254812203243
-0.2351651779422352
-0.2369375423041962
-0.23216553439346824
-0.23124028630732144
-0.2294258375258023
-0.22673667090517205
-0.22618372904067185
-0.22826005768853658
-0.2300059690050148
-0.229298831856835
-0.231308513393457
-0.23546982039399475
-0.24058887741296336
-0.2440384010238929
-0.25119571624940396
-0.2465914314798036
-0.24685839025323075
-0.2500871100150557
-0.25523617883597505
-0.26189315981418915
-0.27296389252611886
-0.2737152346806403
-0.2757784426615399
-0.2771945990986724
-0.27184864267481706
-0.2705071801867261
-0.2716306244192086
-0.2855547277616798
-0.2825251257137013
-0.28948008898964805
-0.2970036635675562
-0.2922592083363307
-0.29273702605517116
-0.2894538873828313
-0.2966815498097869
-0.303191493004274
-0.2983172817083926
-0.3009759618366567
-0.3128557777942685
-0.3082677730933363
-0.3129182628207669
-0.32289507816886304
-0.3304472908628548
-0.3197523356808191
-0.31331176949359874
-0.31589307318426946
-0.31096116023823783
-0.2973493744950943
-0.29460107480745906
-0.2930684137173297
-0.3060473313369323
-0.298478035465888
-0.30024552733339993
-0.2956562484804442
-0.2984310173593062
-0.2871060092764017
-0.2872889678131868
-0.2914926984178825
-0.3005023800552724
-0.3028688693635583
-0.3093788733686599
-0.3036827585924959
-0.2947556060055456
-0.2863639059862082
-0.28373942471141594
-0.28529306753722505
-0.2900510502182383
-0.2773752658967608
-0.2754129201087686
-0.27282007283461496
-0.27026408621315945
-0.26593457612577304
-0.26174977654530096
-0.26137038925364203
-0.2599896538867692
-0.2566860258087236
-0.25667679730046494
-0.26390088770959574
-0.25268368754822135
-0.2572840612271219
-0.2536020752868198
-0.2621640636783456
-0.26186693648194326
-0.24833669711485137
-0.25528641188250195
-0.25814668277095154
-0.25564035416648956
-0.25792325547487327
-0.2575692453218926
-0.2668198204741118
-0.26604060809239555
-0.2723439615151407
-0.2920294646122845
-0.28944246872462226
-0.2796977909475513
-0.2886559792943738
-0.290466296177655
-0.2878338809517041
-0.2908783589735347
-0.28379257497051597
-0.27300621838186323
-0.2731652164232417
-0.2757356259988721
-0.2789233927910344
-0.2890490609561797
-0.2757654234727739
-0.25939221182678507
-0.26580310322068185
-0.275822841350939
-0.2727156300943905
-0.28004130691026075
-0.2868022003297235
-0.27447506372439257
-0.27473415967997594
-0.2742985676735721
-0.2715191538306122
-0.2765699792205246
-0.2825061837279349
-0.2887570870818402
-0.2921806340546286
-0.290419923200953
-0.2908997472524309
-0.2909888167581685
-0.2837905370924942
-0.28317760146220183
-0.2777493396197492
-0.2828155677524136
-0.27695499344726376
-0.27929556471402794
-0.27798590960749214
-0.27736473947627766
-0.2762595293727047
-0.274657481549954
-0.2763210813823568
-0.2782442253364218
-0.27075572503895934
-0.2706445691812175
-0.2748636745890775
-0.2694684724420101
-0.27107169918953306
-0.2836867313558769
-0.28042979321595807
-0.2883332655316171
-0.29749581878513304
-0.29525726833754884
-0.29755618234918774
-0.30302347049185235
-0.29901047635551714
-0.2974302341800638
-0.29571445311006206
-0.29784839715078903
-0.2981756932978374
-0.28865437666712007
-0.28987260631006434
-0.29630409149286496
-0.29626563729991523
-0.2919494145527943
-0.2806930663760446
-0.2864463040306233
-0.2776616307768849
-0.27563541714086376
-0.2762683284804605
-0.26257651053651787
-0.26476365148075576
-0.2746762761589653
-0.279710980676229
-0.2737576643953444
-0.2692315523192036
-0.261167222966568
-0.2546008732688008
-0.2503517097939374
-0.25838244121604786
-0.262577422758614
-0.2677779982311235
-0.2558298383112497
-0.24869696649757553
-0.2540422420332257
-0.24933192885292776
-0.240935448920725
-0.2362460667522569
-0.23102545985651543
-0.22906226398350743
-0.23364160719000182
-0.22655313312241782
-0.22662001737033743
-0.22339364865103478
-0.22123583309399908
-0.22031751059756255
-0.22201301194902048
-0.22130057111318205
-0.22627129212633543
-0.2100035701035723
-0.21701190357278471
-0.21615672447593678
-0.21506704345392239
-0.2155370239421087
-0.21351819028779218
-0.21542303677189076
-0.21551435506199693
-0.2142763268701826
-0.21117793677916866
-0.21227539361220343
-0.2186874049537616
-0.22734880833633886
-0.2277514746180942
-0.22619273802259557
-0.23029332380081374
-0.22746108492912767
-0.21420482729212717
-0.2058210118918436
-0.2094786189532168
-0.20783281198974518
-0.20889379259877208
-0.1946242345783913
-0.1956495717639682
-0.18966662800273387
-0.20040568508678966
-0.19669078907311893
-0.19164344746384018
-0.19317218316685655
-0.20188606027672515
-0.19429353881169653
-0.19610128016581582
-0.1961053235240353
-0.200700332592538
-0.19943114188918712
-0.20722690160234297
-0.2090257627228458
-0.21185772607490905
-0.22569660839716985
-0.23562714137130028
-0.22425317739533673
-0.21630378536049766
-0.217284795053757
-0.22125518118563756
-0.21214629022523412
-0.21611870670054315
-0.2186698066754769
-0.21712226918206307
-0.21134005344952084
-0.21361225116491345
-0.22006284644091567
-0.22619281209689673
-0.22497776122509464
-0.23673044702580714
-0.23842954357623758
-0.23611378383809056
-0.23178651098968783
-0.22838625289795947
-0.23456760088263812
-0.23319855440477422
-0.23390779732811776
-0.24192483334479764
-0.250244905057584
-0.2565678739144517
-0.2643238655800361
-0.255930901132984
-0.24438634692023142
-0.24260133593982355
-0.24312763579648514
-0.23982063433782067
-0.2419187573801705
-0.24521859928501707
-0.24749799953822074
-0.2521044053328585
-0.25228625160665785
-0.2554065563108616
-0.2568434002893944
-0.25743642280433515
-0.25885946429783263
-0.2639080586252293
-0.2636913410157228
-0.2517386943473053
-0.24823768584380862
-0.24410641009077996
-0.24182145692490567
-0.2370178741117605
-0.23529797439074276
-0.23694926959947607
-0.23147802366087775
-0.2225243473611478
-0.23090373444145246
-0.23824366991479323
-0.24154635431809354
-0.23712319619431282
-0.23375640028577044
-0.22271756392901942
-0.21755198291300493
-0.21589575119028123
-0.2146930815371099
-0.22816997152683324
-0.22772111147238436
-0.23343293453452665
-0.23130140453570103
-0.21960345476035023
-0.2345057502146983
-0.23044484746384275
-0.2390347243233053
-0.23645127052278947
-0.24638513572337045
-0.2537446790616897
-0.24706136290820388
-0.2393387578523228
-0.25087569820567257
-0.258175541940759
-0.26895195031183833
-0.2686011703298833
-0.27524165933480305
-0.26776645643132
-0.2620695149821137
-0.262257233293855
-0.26005006225942323
-0.25858842647058783
-0.25590066283722834
-0.25418757310904067
-0.24971015908291644
-0.2558797333129452
-0.26382035160955747
-0.26705183117757497
-0.2730177453385694
-0.2726899279005085
-0.27177496504595466
-0.27243619294645677
-0.2734845988921257
-0.27148372822283895
-0.26902871642569093
-0.2843522381352715
-0.28196968569622993
-0.2844620310463759
-0.2878595178272065
-0.2770498265917541
-0.26953716616933765
-0.2836065340693657
-0.2890725961788411
-0.2968000788751618
-0.29990707552886625
-0.30239394418605187
-0.2939292169914983
-0.30115121141431384
-0.3058934890707269
-0.29814317505448185
-0.29898376127219145
-0.29095825035511075
-0.27768520652185147
-0.2673955191521789
-0.27014731489527716
-0.2597814090273459
-0.24888066545691723
-0.25272817806705283
-0.25719912482826185
-0.25768700782890536
-0.25859864956997847
-0.24885366035565024
-0.24548598791167572
-0.25258922490307845
-0.2504900487029006
-0.24659771094852947
-0.23931710645368467
-0.2500845045729274
-0.25192638706709036
-0.24874090440970292
-0.25791321874184825
-0.2630555732761622
-0.262463657897817
-0.2592615304290816
-0.25610390257369303
-0.258994913992479
-0.26004094311310366
-0.25136685449011903
-0.24504822540479534
-0.24486811769234126
-0.2473838981900209
-0.2500389901777094
-0.250455612056305
-0.2597856581267952
-0.25952354059693655
-0.25184352023246614
-0.25849756387731304
-0.26132157224096747
-0.2635666126966752
-0.26057765662302124
-0.2646690884833881
-0.2739196172010606
-0.273811117394042
-0.27132772373408964
-0.27643881244784274
-0.285323265260247
-0.2800380100164772
-0.28243966275002996
-0.28079651249919774
-0.27620167997056405
-0.2700761215680807
-0.27875667638609525
-0.2828160669225515
-0.284192275446084
-0.2703505064555198
-0.27532330096018043
-0.27908137319722587
-0.2842098843998012
-0.29020351123353083
-0.2919509254781358
-0.2980327970045072
-0.30355702419985525
-0.29493038944696937
-0.29945816982973394
-0.2938490950813996
-0.28571161337379725
-0.27910197980900336
-0.2738707046459619
-0.2795194026888679
-0.2777469318386542
-0.28421009583794776
-0.28567909671647923
-0.28813326221299845
-0.2908925753004702
-0.29072585174315796
-0.2857553275201747
-0.2688236651128574
-0.2653754082117325
-0.26780514718875903
-0.2684060775890488
-0.2746870495486843
-0.2817146376772887
-0.27001937563846845
-0.2729302646852016
-0.2698820931193463
-0.2725322823401826
-0.26070938897681245
-0.25370555593636246
-0.25541194334296746
-0.25669715204109605
-0.2639463624975417
-0.2583567960688033
-0.2539875898323436
-0.24428244532811585
-0.25168379524201584
-0.25425262848146757
-0.25254028948313073
-0.25257027780604696
-0.2635054989593605
-0.26544084013318564
-0.2785989437721
-0.2739974506798881
-0.2692650322386392
-0.2782151025175998
-0.27965819307293627
-0.2694045915111109
-0.26778639872868115
-0.2701037244622579
-0.2620695698671937
-0.2651451848963294
-0.27515433495299285
-0.27655938643167893
-0.276432378344958
-0.2773728524912621
-0.277423314326886
-0.28028704958770545
-0.2854934362878059
-0.2935356913265
-0.2964824602045208
-0.28794585842885495
-0.2965742031466345
-0.30302096759846986
-0.29409112792444425
-0.29393969655917057
-0.29155820001160454
-0.2909614810252923
-0.2903301225847002
-0.2853843979119811
-0.29024435474669036
-0.29608589421344894
-0.2951646285962522
-0.30043572559182496
-0.2995663678956836
-0.30577033239292806
-0.3097298202435847
-0.3133206410481906
-0.3242839159272819
-0.3185849985121744
-0.32968731528539924
-0.3332979598314003
-0.33015925155587983
-0.3298859462870946
-0.3243953093910208
-0.32036057511535304
-0.31317285618473184
-0.31563195018319246
-0.31675641688137535
-0.32132067367411354
-0.3248486282282328
-0.31733687072856215
-0.3105833402011664
-0.31465305271888605
-0.3175340200669321
-0.31410267412413173
-0.3089381297092298
-0.3088266193638591
-0.31693880619773585
-0.31557071655831437
-0.3137597473662473
-0.3081532072529376
-0.29912253779974596
-0.29777709007915054
-0.3115552595325384
-0.3127540607029749
-0.32261000148750807
-0.3134799973885165
-0.309994921221133
-0.3097070924848943
-0.3062057309319233
-0.30959712575071563
-0.3172270078180547
-0.3246960081852667
-0.32136023221530735
-0.31486004539866513
-0.31326595696544557
-0.30592452029289696
-0.3130051996813189
-0.3142751181719619
-0.3265884811538825
-0.3279403612232983
-0.334814628631539
-0.32569219644537833
-0.32184619511777507
-0.3222581341048753
-0.3123687982816371
-0.32015824595830655
-0.33332563797621045
-0.32820767367422904
-0.3255339543792221
-0.3273144303327442
-0.331854669716426
-0.3201688129411924
-0.3148186043116127
-0.3217456932144151
-0.3219175625562345
-0.32350193804599503
-0.3305393322962048
-0.32954826135177095
-0.3304200501216929
-0.3243170336946735
-0.323184473809718
-0.33906811833088696
-0.3248259473179335
-0.31854820825470936
-0.3209926735304341
-0.3262503143663863
-0.3397943675579939
-0.33286988867099726
-0.3341066372686728
-0.3408413503066374
-0.3444893333809123
-0.3457182211372427
-0.3454444648956484
-0.3559665203311655
-0.3589300162171829
-0.35396598874052315
-0.3531900228030352
-0.35821922661008493
-0.3480771465413202
-0.3468850662267629
-0.3404289429359037
-0.33582000119737665
-0.3440076481526653
-0.34668920780498436
-0.35649287893124904
-0.35319270871549274
-0.35175771561357416
-0.3479441601594255
-0.3392808999281041
-0.3385177005459552
-0.3443078609493035
-0.352829710921463
-0.349460375721843
-0.3493866666417191
-0.36202061487529563
-0.3560356604811866
-0.35921003465137114
-0.3558171946988044
-0.35022064710790285
-0.3526933435732929
-0.35117725848079495
-0.34597928954621354
-0.34707063421483214
-0.35054874429778354
-0.33625456309011775
-0.3381812631292762
-0.3345310815374427
-0.32403495096341733
-0.32049817443506246
-0.3317420041544484
-0.3240253694061995
-0.32166689054690756
-0.320633934842171
-0.3331130342790644
-0.3364580487663842
-0.3347817091112163
-0.3287482063847599
-0.32885154550619766
-0.33652629967550196
-0.32580639444093284
-0.32421288860789904
-0.32491047386491306
-0.326803223342982
-0.32006933806788296
-0.31680923459707555
-0.3119406861274385
-0.30996624924477145
-0.30506502531488355
-0.318125911798
-0.323687020023783
-0.3183462461093351
-0.3181056706965037
-0.3223243769397105
-0.32958048632938275
-0.3283391430278058
-0.33436238799731155
-0.3406107438498745
-0.348677875698792
-0.3480615491568784
-0.3447003453599611
-0.3465846895211712
-0.3456512171940645
-0.349432586234531
-0.34595705273603045
-0.36062930561282375
-0.3565462048026782
-0.3619883702617404
-0.3584614117251293
-0.3518456802296114
-0.34890835247897267
-0.3367412769405201
-0.3386170370323438
-0.3248298194517348
-0.32867065495734604
-0.3239570531642078
-0.32768815141132107
-0.32386976621300234
-0.3206207706881506
-0.3249366781841816
-0.32681566207249074
-0.31831487166660943
-0.3171118410402835
-0.3197118331345017
-0.32864563339756186
-0.3281387045195671
-0.32455317258634014
-0.319022100431317
-0.30960652513079784
-0.3065923162520639
-0.30250500620818566
-0.30792885547472976
-0.31150481854754
-0.3146343503903661
-0.3065563250176965
-0.29697971953733304
-0.29809706786765716
-0.294226114278772
-0.2841256414181632
-0.2833706948601399
-0.2818019232728524
-0.289539701165283
-0.2944775420512539
-0.2982656349834858
-0.29753306404041163
-0.3088979937512361
-0.3036881838502027
-0.30252439656822583
-0.3045654623471464
-0.3063233083649765
-0.3015209804151819
-0.2992089032613115
-0.30062288157613076
-0.3002278284366316
-0.3083670129463666
-0.3103925769175213
-0.30983697462420395
-0.3077390478468576
-0.3129556199824609
-0.3086442919839144
-0.3126109251172139
-0.3066563926675858
-0.3021763683971948
-0.29526496533266655
-0.2980567862440581
-0.30156587173558475
-0.30515838587658745
-0.29544893363648056
-0.30080946880594966
-0.30620574842575904
-0.30445092516806577
-0.3032676887427786
-0.29475659979516705
-0.2955582584447066
-0.3041844198299761
-0.3065065730649287
-0.3145709447486721
-0.30572753808990966
-0.31057451196499436
-0.3207731692808901
-0.3155056686850214
-0.32679492927905696
-0.32774404152324843
-0.32667410723755735
-0.3127289814248759
-0.310289863274006
-0.31299198417382706
-0.31826499119437607
-0.3115156507498673
-0.3124853146304244
-0.3216145423843004
-0.32124238498902125
-0.33026451747938923
-0.3285849604773565
-0.33545310074348733
-0.33320094108850756
-0.3359645854767577
-0.3346161637790246
-0.3307892019245563
-0.32937702023758636
-0.3256946072943955
-0.3309051217855883
-0.3135205422924546
-0.3107157725194936
-0.32054145357501646
-0.32519780275877175
-0.3233890396882563
-0.3212171104165439
-0.3232993775632459
-0.31754747678256423
-0.31278632838325887
-0.3075789852569469
-0.32413904083447054
-0.32878287229826136
-0.3243948945201509
-0.32774033872994107
-0.325397260848621
-0.316481141653273
-0.29935845529939215
-0.2977523177290253
-0.2881801384401387
-0.28917603970865063
-0.28736238602006803
-0.2934653916245113
-0.28835021055232324
-0.295418644988991
-0.2947860210079249
-0.2955828609757815
-0.300239796618517
-0.2873248222771175
-0.29215728141795666
-0.2896389752757097
-0.28884928990127173
-0.29099641126110737
-0.2855641904680144
-0.28345550453874807
-0.28861434044988477
-0.2951207694950755
-0.3065978388469801
-0.30004200788974367
-0.2995610106214827
-0.3024906849659713
-0.3030429318677077
-0.2975166611021405
-0.29093166156885253
-0.28241865363135815
-0.2820721281587946
-0.2725380628598484
-0.271152889262904
-0.27032205776548274
-0.27139547176115186
-0.2665066736026104
-0.26712771153101567
-0.26364703821670565
-0.2596075624179364
-0.25932232374356484
-0.26120181379215235
-0.2633257745680819
-0.26351652566353934
-0.2583132884091137
-0.2553114871773807
-0.27493223054510335
-0.2753716809895334
-0.27944402355038583
-0.27410478213481687
-0.2691997428026604
-0.2730659260853002
-0.27078533010744427
-0.26033701594236536
-0.26512586737214716
-0.26212461558285793
-0.26703709606584003
-0.27444945582343716
-0.26645025052497
-0.26180436437360544
-0.2588053034789175
-0.2553760390336555
-0.26040792573032046
-0.2625134969074941
-0.25641908580108835
-0.25417909451623366
-0.2558329062849083
-0.25025102264136223
-0.24271436218631215
-0.24524010425281628
-0.25419909891633496
-0.2638870059393516
-0.2651124867758074
-0.2655909574852087
-0.2655355830168081
-0.2604815435304335
-0.25448094023588297
-0.25768496138312924
-0.26454725801279927
-0.2685854652131664
-0.2666383944037642
-0.25796114049242436
-0.25225937846919855
-0.260785397899687
-0.26011339574275777
-0.259870278376641
-0.25705410590931405
-0.25204414176795825
-0.2463946839690501
-0.24573077979004918
-0.24887884021778126
-0.24991362500023642
-0.2581328477608158
-0.24759738423989344
-0.24791941354670605
-0.245233014860762
-0.2461925657655072
-0.24828055363162338
-0.2457892542641799
-0.24020894000808019
-0.24722173127403838
-0.24331809936857607
-0.23584378720850352
-0.23891839849162946
-0.22553419376659906
-0.2309192971098199
-0.23203877363583345
-0.2408321261272293
-0.24505450488323344
-0.2444429228759076
-0.2507119342225056
-0.25516383270518994
-0.2612374711461447
-0.25975163859671024
-0.26094925853116363
-0.2696137181150949
-0.26913123953894036
-0.26376681655860124
-0.268359279740795
-0.267298614963028
-0.27384014265748213
-0.26073108268680123
-0.2617950050531533
-0.2636610777299086
-0.2686168407062645
-0.2632462894271074
-0.27429010765554596
-0.2707320861999684
-0.27027509432208907
-0.2678573641333322
-0.2618362832796861
-0.27238152509857266
-0.2715227658936235
-0.2747922804170058
-0.2726281018788534
-0.2781463226361603
-0.286463520059637
-0.29713572376086717
-0.2981249153849078
-0.3007855827577756
-0.3108156373146132
-0.30371715323992343
-0.31153225730356504
-0.3138494311090263
-0.31620772260516844
-0.3080537514143421
-0.3153415535069438
-0.3122123266756522
-0.31382991786848985
-0.312486799171261
-0.31804444760053674
-0.3219323180432651
-0.32277941320709963
-0.31761543547229654
-0.32418154621963025
-0.32762958224375016
-0.33008778316659315
-0.33964502516230854
-0.33512076275249286
-0.3364209954557762
-0.3370980916032833
-0.3354568439145025
-0.33986009788853466
-0.33796907968381706
-0.3523157238757814
-0.356060794142699
-0.35784237623211224
-0.3507395046206003
-0.3541427730409461
-0.3510020581066347
-0.34593771846542953
-0.3510014455244015
-0.34819049424311493
-0.3425242052244924
-0.34827437646170645
-0.3433342739590819
-0.34596221643711283
-0.34614708189925897
-0.34716612097702465
-0.3470335916944926
-0.3400799658973567
-0.3441854019009252
-0.348797713134098
-0.34563212602070065
-0.34481718864412875
-0.34063378924808047
-0.3472278592003522
-0.34984029693267715
-0.3370291278259574
-0.3249467259840001
-0.3247086629213265
-0.333467831270419
-0.3382985486345072
-0.3447373168473381
-0.3600209441356064
-0.35657487721237763
-0.3488701202219754
-0.34086015524743885
-0.3362238425271387
-0.32943824881397643
-0.33015270821702697
-0.3325569902620696
-0.33694480781461444
-0.3239131402245197
-0.3236698477382551
-0.31498947169830877
-0.32075377325780036
-0.3105136494156513
-0.3148665162980004
-0.3248257011105336
-0.32490931463557376
-0.32612913181251
-0.3272024128744836
-0.3276324705104253
-0.31995556671333647
-0.32507362684495933
-0.3207298138260724
-0.31951627600147686
-0.3054449079101841
-0.3024643644139855
-0.2931665372017499
-0.2949104110836866
-0.2944428053620722
-0.29044795553294644
-0.2975968779449275
-0.3060942073440101
-0.3117012269108809
-0.30689596820820986
-0.30772042114990766
-0.30220287772302756
-0.3050148574694845
-0.30938170663407344
-0.3038621788275462
-0.29419538069251355
-0.287086076866689
-0.2764510043003263
-0.2741251669967768
-0.28354282846677037
-0.2826009892891223
-0.2903449484010639
-0.2979897798586754
-0.2952814645214104
-0.2942862378157412
-0.2877401816398903
-0.2860217307825475
-0.29318033495931534
-0.29180687496151414
-0.29307349845256464
-0.28390852813259226
-0.2795588876153702
-0.2714979068346097
-0.2756205392359627
-0.27122991705290334
-0.2744562840199616
-0.27441324900588215
-0.27189485230403815
-0.272856786596887
-0.2757982252643894
-0.27066501282603345
-0.2696322095940291
-0.276514419713605
-0.27159446040539875
-0.2736216946944816
-0.2801013746807282
-0.2822122644560272
-0.2850595576132396
-0.29000426387836403
-0.2865066242214411
-0.2858458961712236
-0.2800877058674943
-0.2776740224258103
-0.27849551558989183
-0.2826516982533222
-0.27642774496886624
-0.2722254581025842
-0.276759403790492
-0.28498132699283196
-0.29071369077897435
-0.2841592878613311
-0.28592262691631615
-0.2897367531479677
-0.28487007761458366
-0.2846800402953924
-0.27849919069444873
-0.28432181806150747
-0.2825753680095187
-0.2852540944817552
-0.28429845063311304
-0.28835092670235174
-0.28507774883049003
-0.2943453519750835
-0.2905757196338195
-0.28926652286429183
-0.2897960263281422
-0.2894387155892874
-0.29679883356598863
-0.29706585155674914
-0.29799111456597316
-0.2967819574631951
-0.2995440373392559
-0.30167008502592846
-0.30215511624466374
-0.3070582561577215
-0.3031008862099035
-0.310493806039137
-0.3033905325971556
-0.3029868151546554
-0.29366657931395057
-0.3067548218999907
-0.3019491412225578
-0.2999741058205427
-0.3004199979597967
-0.28820924190147784
-0.28269798399884993
-0.2793328391494555
-0.27807024386979656
-0.28621747920014823
-0.2945144908064145
-0.2906538492629629
-0.2857361195002445
-0.2855219232337663
-0.2698799802659562
-0.26508887505579365
-0.2659368929973629
-0.2659123869346542
-0.26665397566669885
-0.2672976936991745
-0.2588667675833249
-0.25573611858504086
-0.25925843150612016
-0.25450741740557575
-0.2592510645074198
-0.2506078250928601
-0.25422458847312995
-0.2556439443106086
-0.2569058617876342
-0.26204352524324614
-0.25782364640966
-0.25593260789311634
-0.25504386934664963
-0.2593584776674909
-0.2570931601604325
-0.2596689161340541
-0.2638225646351366
-0.26134083380983186
-0.24906045283074055
-0.24341312962209394
-0.24431018409799543
-0.24208154412363553
-0.2448109470984332
-0.24111736752003973
-0.24124228954448074
-0.2368190472122491
-0.2354474505011178
-0.24405628576164778
-0.2523892185159241
-0.2554188689695915
-0.2647830800149312
-0.2508712304324554
-0.2605116097495341
-0.2507556889942105
-0.2600208732685294
-0.26260069810852354
-0.26749753822210326
-0.2584931488923873
-0.25432151025064736
-0.24687760043659007
-0.24968958739329533
-0.24760351693051327
-0.2538443755307688
-0.26193644924612713
-0.2661610265156289
-0.2777349507089105
-0.29019424682742645
-0.28527027934715815
-0.2801259286125613
-0.2791899135905143
-0.2846904319184381
-0.2857587248473777
-0.2899818076780305
-0.28960202811324615
-0.2866576326774304
-0.2815465563248766
-0.28780733796942515
-0.2915023269984872
-0.30333431925576093
-0.3033012181965337
-0.2968328755583906
-0.29706774999835495
-0.2995436015413305
-0.28849679952776514
-0.30407068113787716
-0.311782181353929
-0.3089454811882299
-0.3085306386648772
-0.30412480743925585
-0.2996592111730709
-0.30409862844576174
-0.2995857550977211
-0.297494285654264
-0.3060104881938656
-0.3086620318584212
-0.2993335647971967
-0.2966344742012259
-0.2889606397069431
-0.2849248300518061
-0.2990330098176176
-0.29483298959908266
-0.292121005345312
-0.29055398280360334
-0.2949597133130681
-0.2916818268918582
-0.29807848766545986
-0.2990049351972161
-0.301136675231572
-0.3061514605976642
-0.3069900827833662
-0.3077932130427525
-0.3120203394479677
-0.3047675740288816
-0.30456449637013094
-0.3058571862382091
-0.31115513870258504
-0.30950407825868576
-0.31143379054334364
-0.309328078308464
-0.3018909276924954
-0.3015325574979671
-0.3046390972400229
-0.3129218906538261
-0.3141856055121141
-0.31869302960379503
-0.3180337649198036
-0.31431105586457775
-0.3064242960323031
-0.293522191254309
-0.2929786087366249
-0.29301813647027963
-0.3025196894683677
-0.30177176708126724
-0.298386434828047
-0.29621296038346984
-0.31038201549333877
-0.3191867681279661
-0.3153346782048519
-0.31177055341861876
-0.32384016465852833
-0.3279569552743118
-0.33796685525073583
-0.33914719612481864
-0.3412041604399041
-0.3334311724884855
-0.3214121941595722
-0.3163869902298782
-0.31819026668600797
-0.32070215930814605
-0.3196231765332
-0.3179756196445909
-0.3256732097345661
-0.3208426780684819
-0.31102071047980856
-0.322580469722891
-0.3136557535199322
-0.3197216922472588
-0.3181843541855242
-0.3110288512989465
-0.30805429668551226
-0.3044481727816497
-0.2977461465477356
-0.3027266380216632
-0.3005416403919424
-0.308114785737538
-0.30016015045112865
-0.298025790319517
-0.2985028807463802
-0.2991549014974735
-0.3032118411524443
-0.31036393338127405
-0.30550861496370124
-0.2986340029479289
-0.3040245967147388
-0.30172097249218954
-0.30880245714893717
-0.30955342179451173
-0.3077155572802108
-0.3068073199544573
-0.3020048066941031
-0.3006413678477222
-0.30217700961266847
-0.3033771461390229
-0.3034071700774882
-0.295023887215564
-0.29901170139316724
-0.29545647631228855
-0.2802066638802427
-0.2735949895154837
-0.2827406598459752
-0.27867312135381417
-0.2761499784564118
-0.28019718822563694
-0.28680615975024615
-0.2864358503799214
-0.2845206736358137
-0.2816141166027788
-0.2841681366531451
-0.28244421190776914
-0.2812265333722406
-0.27628395598142697
-0.28124080791796274
-0.28319253593562044
-0.27986515185289146
-0.2787640046855063
-0.2822516916237384
-0.2863181402121669
-0.2811407958376355
-0.2899142236638495
-0.28232085767983994
-0.28428843094027506
-0.2852882612682003
-0.28066441580909207
-0.28770341374631675
-0.29453246127410215
-0.2975583479762558
-0.29154253032598504
-0.28970990460213114
-0.2929144284265479
-0.28435208292135833
-0.2831669518041
-0.2799505770833323
-0.2671506141980926
-0.2722326358198953
