0.0014197562344512441
0
0
0
0
0
0
0
0
0
0
0
0
0
0
0
0
0
0
0
0
0
0
0
0
0
0
0
0
0
0
0
0
0
0
0
0
0
0
0
0
0
0
0
0
0
0
0
0
0
0.01267627894397388
0.01738898683118563
0.011051423324838995
0.010609535528271303
0.009985601236387025
0.009748059675462358
0.0045692069255720245
0.005568843688813977
-0.0024546424558230737
-0.007626752152007402
-0.010885703866486334
-0.007910426279563917
-0.008394017869898497
-0.0031931837432899292
0.0014291629733330256
0.0028283355888982344
-0.00038186974471151464
-0.0022909192108487627
-0.0036889239766564772
-0.007956588121470504
-0.009694530818421344
-0.014683865673577485
-0.010745845944410366
-0.018700822719169244
-0.02443119204915789
-0.03489363032099801
-0.03501304374113102
-0.030569697410109824
-0.042632630177749785
-0.04453880947880913
-0.03871127301631649
-0.043568440536511155
-0.045271943851519995
-0.04062383747542037
-0.054053580914356504
-0.051776973450426415
-0.04995621843490604
-0.044648550085682526
-0.04149171141396008
-0.03726161662394929
-0.04469435610823927
-0.048220892120057604
-0.04111584665402296
-0.03426232800989907
-0.023128071336891275
-0.026792830852955217
-0.03812891581444693
-0.04391552886173378
-0.05308090155611948
-0.04485330668087943
-0.044317713604708285
-0.0390950802182568
-0.03917406832745026
-0.035340205920725364
-0.03316108142623384
-0.030335991516985128
-0.03388471191610802
-0.03788241247242566
-0.044607411248906874
-0.04501350837135778
-0.05827283086246568
-0.062276604666194335
-0.06614863684213998
-0.05965521195953608
-0.06313454631464438
-0.07174919763379065
-0.06840327819938186
-0.07538674334791108
-0.07406553318479582
-0.07254052791832138
-0.081339454535285
-0.08303689351032795
-0.0806098731153064
-0.0772395148081012
-0.08212361409256047
-0.07461392240399341
-0.07163802172392102
-0.06532454462043957
-0.06098713993219576
-0.06415844441534424
-0.06015867641035956
-0.06026607912227798
-0.06002707747502193
-0.061020630495404564
-0.06855382053897681
-0.07160892243173778
-0.08461120844368855
-0.07760275009728106
-0.06928192207294856
-0.06850320922485689
-0.07144832153949612
-0.07286247687315006
-0.06946957550653782
-0.07148275913439939
-0.05860752297568099
-0.054102341625872616
-0.06558053597392334
-0.06395259317962843
-0.05961565223229759
-0.06010106586146499
-0.06427149659734306
-0.0625453724786441
-0.05345585639220139
-0.05430645385929128
-0.05333372908658292
-0.060139415799810386
-0.06099031863088249
-0.07095395014867642
-0.05838505488923422
-0.053423616396603354
-0.0461128933960167
-0.05212020106344231
-0.0557581185311083
-0.055116004755132494
-0.04691643922208179
-0.04730832586453616
-0.05692185194683279
-0.04875182826536287
-0.03858457572759583
-0.04444598820910185
-0.03629397714187931
-0.03977717404833374
-0.03639978329728464
-0.037004496551360164
-0.03723661233489595
-0.029665892925356506
-0.0362262405995304
-0.036120577686234494
-0.030853787381723764
-0.027389840486993104
-0.02937320160833049
-0.034849525064714344
-0.03639459137109546
-0.039303512028828036
-0.03845863545045719
-0.03825387094570442
-0.03594181539846642
-0.03415905140013963
-0.028373846617619124
-0.02015491073038813
-0.02100348587900754
-0.02538252401411955
-0.023811332618100704
-0.026288748348526462
-0.031195975706357015
-0.032940640723845165
-0.03976279357566308
-0.04095270738187657
-0.04279844169983529
-0.04196926640091621
-0.0393143535814677
-0.03378851676159848
-0.03320611894119287
-0.03455156565109295
-0.03519140844018735
-0.03910276389304898
-0.047884210262176596
-0.05735415478211211
-0.05165171350457949
-0.05097813457323735
-0.053886679846110855
-0.05752203278503856
-0.05247274828236992
-0.05838871353567155
-0.05967783720627784
-0.04797065905207908
-0.0539256293463969
-0.05680716061745973
-0.04316136360983781
-0.04421312796188991
-0.05174017564812427
-0.05618277474967978
-0.0399661369851716
-0.03279338261623807
-0.034712369845104375
-0.04163902098071272
-0.03854526516628725
-0.033331178988314863
-0.032336907840746214
-0.030614434840352953
-0.04244640660432826
-0.04435154212311998
-0.03428454808812247
-0.03835495512590449
-0.02897268829345888
-0.0371871482183847
-0.04754551519923831
-0.052744746481565456
-0.052292883472290434
-0.05377262485725776
-0.05457719781355508
-0.06607359034803076
-0.06958088551013657
-0.0692078502683003
-0.06623752540868025
-0.07564538719106831
-0.07239622185429752
-0.07664674852944853
-0.0797964190789013
-0.07977201933016237
-0.0744394606799807
-0.08450344474122959
-0.08314190201218463
-0.08774439771223322
-0.08499120752628903
-0.09147893617603063
-0.09217153400283763
-0.08620413786561636
-0.07947736368146512
-0.08000448291627613
-0.07532138472446308
-0.0828685731614802
-0.09607466878939205
-0.09109282407661291
-0.088942392504666
-0.10951086474443547
-0.10219327958480055
-0.11178749311526501
-0.12075688145408944
-0.11268089059055082
-0.10728442746606398
-0.09906656677201783
-0.10502414655621693
-0.10110115758514573
-0.0933080660167423
-0.09349873076705985
-0.09516530109051302
-0.09960933715036756
-0.10740327161352337
-0.11708956806980166
-0.12100651514657705
-0.12620430949261568
-0.12839813991468474
-0.11839560715555607
-0.11695153319124635
-0.10668607596775549
-0.10763165054600542
-0.10530391848189208
-0.10193957867788682
-0.10391550690894494
-0.11064890960532286
-0.11654909099873183
-0.12583979794121253
-0.1183910791908748
-0.11486399350270166
-0.11370325813113998
-0.11413834130508756
-0.10083236075240494
-0.08617578961339122
-0.0964611400663202
-0.10206360126698832
-0.10254343416050803
-0.10478629050947998
-0.11240448414215123
-0.1133464763031397
-0.10337208233927474
-0.10310677196531942
-0.10054787166323378
-0.09293611959492643
-0.08507441306276267
-0.07181866996233911
-0.06644780574799884
-0.07838654892199594
-0.08101030664853082
-0.07719015048489729
-0.07692416422915394
-0.0772433418109126
-0.06261989162705997
-0.05053615453427506
-0.05119939154794218
-0.04460343744052071
-0.05687958032126118
-0.054092688332128214
-0.05467854101844563
-0.0487608656057647
-0.055130410607056354
-0.049941214151904854
-0.04783700480143965
-0.04858950629102903
-0.03981710979609948
-0.027539204049372618
-0.03696547476747178
-0.040007200889062795
-0.04377647230707364
-0.03699543263102531
-0.035071669520905006
-0.039519267149804846
-0.03874955675258109
-0.041211394880575215
-0.04163134423593086
-0.034127283075041856
-0.028112527186467104
-0.0364022396633643
-0.042349516054683164
-0.04342149611983315
-0.048236946699499225
-0.04644429828850539
-0.0507619650473889
-0.046317126466460024
-0.052280384515804856
-0.042028268944099445
-0.03881445010975711
-0.034985280761818074
-0.038806577405203733
-0.04359414499918906
-0.04401288274649564
-0.034692957665389046
-0.05356357678821309
-0.05730415756129638
-0.06396123658341618
-0.07254985980408685
-0.06758156102707119
-0.07651270394794141
-0.08499629870875995
-0.08101450039591761
-0.0833783500196371
-0.06966649270308314
-0.0759969174417737
-0.0713875966054794
-0.07102679875032608
-0.07760845293237736
-0.09023251365515356
-0.087143394172581
-0.08660615839274097
-0.09397546175787654
-0.08108643275147373
-0.08120862126826431
-0.08897846285767365
-0.08172469375192508
-0.08207925162257117
-0.09198526006124834
-0.09024218814241683
-0.09704327123227802
-0.0964945609401555
-0.09798865024294583
-0.10465070892254222
-0.0932603924879164
-0.08845447624359462
-0.08946111816715918
-0.09248314500113147
-0.08522026720053558
-0.08821782685483823
-0.07322688920905246
-0.0711042108537783
-0.06344112426235327
-0.05545772914357252
-0.06669863961387455
-0.07208465422176692
-0.08213834674425292
-0.07675501826305388
