-9.301225830542551e-05
0
0
0
0
0
0
0
0
0
0
0
0
0
0
0
0
0
0
0
0
0
0
0
0
0
0
0
0
0
0
0
0
0
0
0
0
0
0
0
0
0
0
0
0
0
0
0
0
0
-0.00745425307250286
-0.008177069190115701
-0.013294909947769717
-0.02158613337293176
-0.025366941610343568
-0.027993552491411042
-0.027669923706901186
-0.0287257244698153
-0.03688023082818897
-0.04057121576894081
-0.04744205226801307
-0.04613393612579922
-0.04667422782152483
-0.047217648073249144
-0.0392460673393516
-0.035212547909807865
-0.03604080379910442
-0.030085594901221945
-0.0248074104603432
-0.0266786971454304
-0.025613007917126555
-0.019681051810753483
-0.011405820416456285
-0.009412915514482688
5.984937959929368e-05
8.665435853220805e-05
0.000584378719436612
-0.003247562508201303
-0.0018000813543545971
-0.006984349764366921
-0.008313570008927
-0.010130812632111512
-0.011270910166482852
-0.01567771494019291
-0.014859998296300286
-0.014176320036431964
-0.012239977087655202
-0.013530315520587649
-0.010575802328890375
-0.01793974492645861
-0.021312720338318446
-0.02506736380715098
-0.02275798924599572
-0.020527207552186365
-0.021285013216364834
-0.024059701910960147
-0.020630620835291415
-0.0204240030326031
-0.02944048953190236
-0.020929844826835225
-0.025338571571461493
-0.02765717981430723
-0.030377026818288633
-0.031527153191717054
-0.03111952254594794
-0.03204278642775633
-0.03712779844810091
-0.04025594102791648
-0.03971256401926669
-0.03699671520761177
-0.032182370449663024
-0.035110036046631765
-0.03565074282717436
-0.03559294217698158
-0.0336838403959267
-0.027515356409067823
-0.02837908342986304
-0.024284912013443037
-0.02707941360786832
-0.02625813672944563
-0.022769125516530424
-0.032146241053466224
-0.02430299533331202
-0.0239767908795409
-0.029387610320870304
-0.02400416537619062
-0.022859209650844103
-0.021086472094660923
-0.018739436704892105
-0.019086782809795675
-0.018599635231018596
-0.011762288865130217
-0.006227262406699029
-0.004706224194674027
-0.009012793453415751
-0.007812136713622792
-0.009066134728212142
-0.008882386836261252
-0.012091311890724137
-0.005252426277129109
0.0007406646021964692
-0.0013378805225033974
-0.004083661466978392
-0.004459549545711686
-0.011420015372268624
-0.01194810217876957
-0.011759467690344081
-0.01605177133863513
-0.0154765418534195
-0.020234542955258464
-0.021200976032176612
-0.02108416527907405
-0.016724676628504735
-0.009650479992975441
-0.007568316010451942
-0.007456125231202623
-0.010335319152330241
-0.013986564936045158
-0.018613374701114547
-0.015093737767225501
-0.01317514765441831
-0.019055834486220023
-0.01518710110555492
-0.014630457216388571
-0.013110825189184392
-0.014676521950938076
-0.008251692784477377
-0.010605839464358304
-0.008227538506083654
-0.0038855123840242523
-0.0023992300158222042
0.002301500163725583
0.005084169044044929
0.004272443113698314
0.004122250208258335
0.006038583149097233
0.0037492600685833303
0.005561262164969437
0.010442986369138645
0.006999822925606979
0.0072396856514395916
0.009679031255060644
0.014476682489818175
0.010059230412785225
0.009724614505386463
0.016754435069423094
0.015029442291367993
0.012208802087575955
0.01863106657917178
0.020676738649978932
0.02888757234693453
0.016776667941253542
0.018454868817889256
0.015064976550888868
0.01662371778383614
0.024316514822070267
0.028708310856245763
0.02541261163108658
0.024854850239302423
0.03248770512769711
0.03011754190224742
0.03191627338418862
0.03745787682606222
0.04058722466233731
0.04064282844186095
0.03705749052448574
0.03715182218426283
0.042068352589827655
0.04463464745771699
0.041143624995117554
0.03507300992718232
0.03790450372530931
0.0335000549212443
0.0422051746720354
0.03734818840859396
0.03780385532111352
0.044340871128011126
0.046806724888801984
0.051272345042263565
0.04834225989633863
0.04431703383980219
0.03317558899314507
0.0359632893082705
0.034847310628174165
0.03180119810200241
0.03801049017915364
0.03266439332227258
0.03219851989358382
0.023522808749752835
0.023625517338888798
0.029652852986650914
0.03365665995578649
0.03540030337940638
0.037724823221260716
0.03881776975208029
0.03868254061887702
0.03936824343567182
0.04154669560500383
0.04150436982684648
0.037795309304784745
0.04044046281078177
0.04156475284934167
0.04617922318244622
0.03989990859148415
0.04228036453406559
0.04105938777125678
0.03779512842879243
0.03809942750714614
0.04037301275156467
0.03592335460370938
0.037615047117878705
0.03582155732734852
0.0330858228433942
0.03920074265483432
0.04211430516542932
0.03928813713733441
0.03816891868218503
0.0307855116629925
0.02918616871067481
0.027788547929880083
0.025201427175066533
0.029730961589943396
0.030944872660000903
0.035462526529287344
0.03483842270281348
0.034536624290394995
0.04128912540479359
0.035757556775416484
0.030120570675806223
0.03236255711454967
0.0302834753889858
0.03270080473348312
0.03137735149690856
0.02502871979986351
0.020705973756622028
0.025560907974742704
0.025547081065371388
0.026728314415050535
0.026229456844189425
0.021756810230605855
0.02504790598413822
0.025719895132653752
0.032520396966764946
0.03226968503501525
0.027200635794938106
0.029599896180512397
0.026223004123542483
0.022684792070923533
0.02410001055852151
0.025824027519764182
0.02446819081148293
0.030730432295448203
0.030896274959535543
0.027133307831844446
0.031086330529184858
0.02639164437349331
0.02196645856794608
0.027419133354494796
0.023643400921418072
0.021851746211949456
0.02133535644441993
0.018837107904913268
0.012631199069910073
0.010175162325282778
0.008326751172297866
0.002208117006858866
-0.0024137510247861597
-0.0009158595565587492
-0.004028918345197359
-0.009254360446616733
-0.012491276336306357
-0.009653704108926263
-0.011700546513097966
-0.0049637095978170434
0.0041418936032473165
0.0027328339461530297
0.0007953241703980794
0.0015608324053624717
-4.0559121601993356e-05
0.002391005871570576
0.0038461005340813276
0.012529221967607524
0.012234146056771637
0.01600616521198517
0.010051915626754802
0.005543601622313153
0.00235258246115641
0.00471173432010874
0.008678879104284273
0.004509432194780324
0.004707610139968944
0.002637921220127844
0.003198896639586726
0.004641595592095571
0.0034032092547218234
0.0107787154339791
0.0129965979723914
0.0028609615096872234
-0.0010383967454606082
0.0034527301631928444
-0.0027356542720520754
-0.009533606825292196
-0.010349731574797573
-0.00717638605798549
-0.0024721401582226393
-0.004001607658765996
0.0021683937988768243
0.005271012687036599
0.004568608423818957
0.0036613058232735233
-0.004893004789524377
0.003117750461168433
0.005301551446266353
0.004432878932950831
0.004376509944292642
0.006421399914930511
0.009392261074739696
0.007466916550626195
0.009978424035961641
0.004847784016003171
0.001973411378807315
-0.0011647037177613916
-0.01028638686545226
-0.01054270792165106
-0.0071097755053590814
-0.011141667130762489
-0.011279718616105758
-0.008927464904450028
-0.010617701616653232
-0.01044768705714217
-0.012215068247191613
-0.010093782295833851
-0.006166551016442624
-0.006975582160902093
0.0019540688654381983
-0.0006551438377539751
-0.0011064785813833967
-0.005395340208878162
0.003934523180866677
0.0067271572425156925
0.009714271065505365
0.007495942822861862
0.01113567468887436
0.010122640440788509
0.009589966277734644
0.007165244341619904
0.0023564089835757668
0.004989340923574908
0.004635048968412443
0.006967625288787085
0.007477953835503933
0.0058202274958181035
0.007104278885381527
0.009792025068663307
0.005667544295920233
0.010403315329046377
0.010105940398102208
0.009225394567226123
0.00805924954010548
0.010291735818924279
0.009931566633831053
0.00947776177100439
0.004006083124949269
0.0007479502155461875
0.006618270906607602
0.008815744337119734
0.011466773391359111
0.00742922805326684
0.010511727507247506
0.017249407940418692
0.013176734790861157
0.017796476574228035
0.011593012062182897
0.008338906891942787
0.00501812550355484
0.001031211593855206
-0.0025649473613578253
6.120112562278332e-05
-0.0004188652608360486
0.0007406745277108949
0.002795392329248113
0.00860019850374555
0.008426208880775596
0.005211348200720372
0.01362285551697222
0.017594236158621216
0.016430479704375254
0.013371623182173019
0.016326473923644055
0.01742253125652601
0.016394548962243374
0.018961893965155234
0.022081493616372114
0.026815187347608675
0.023268706965838246
0.02072339188440572
0.019827381783080477
0.025418768582426504
0.01891466869583712
0.024935618338059636
0.026785097625324612
0.026293812707693764
0.027671050832962295
0.024526572573760796
0.020023801593866138
0.025774450808747684
0.026352515225900222
0.03370029786472553
0.03182279251424585
0.03263613615374222
0.03249878756487957
0.0324733845719158
0.03149657265236529
0.02493441907016134
0.02767103664868408
0.02346535307671458
0.021575880710203305
0.02575206891996948
0.024277213011578473
0.02475331258700701
0.02703263155990579
0.03239882020436713
0.03111317959232883
0.03204563886318396
0.030023065675200133
0.030255943163348398
0.03510700642922944
0.041563902911757857
0.045663173194438085
0.042508810627352775
0.040753151993222096
0.035331713729089394
0.042453343221452
0.037201029723260566
0.03407121057654133
0.03573158275348398
0.044029234016274316
0.04605745513594526
0.04479009502471139
0.0408869632558721
0.045769804034916
0.048884182797177975
0.04840498339709797
0.04944152961707262
0.0436766358265801
0.04550200966610106
0.05047309967726832
0.04910311908826687
0.04606416854792484
0.04230676005901345
0.045426988044307316
0.03865144871163723
0.042567419255740965
0.0499153830305787
0.050673929198718166
0.051880960208241074
0.05580634843496209
0.0523180266674646
0.0523823631702635
0.05143178076884581
0.04694964753661299
0.043758876770314266
0.047699209078956334
0.04953636350722505
0.05459864962887314
0.05380716750083202
0.047219858882394154
0.05147357144210316
0.05171628643159416
0.05163663026154867
0.045989607780903025
0.0487702138308985
0.054202158098897155
0.04984231026781122
0.050423411677806874
0.04855847711421503
0.04712817630899277
0.041977917186099875
0.04384160626016792
0.04000932038153586
0.04538112131097201
0.04227833785234022
0.041561145514224046
0.03947613083052573
0.03891822114741748
0.04475515634886908
0.04163547882121558
0.03940327732927368
0.033077110729707294
0.03342668449470918
0.03683095704514162
0.032598550616593495
0.04131467801702193
0.04450018751033726
0.042570356820432566
0.04025017912570378
0.04037587341350607
0.038293807831997595
0.04184606713381817
0.04340174187433809
0.04265686473745237
0.04106952353996
0.04652840509050551
0.05043441586322109
0.045278751272336284
0.04785643628727146
0.05082772366742278
0.052453159220845695
0.0484515689847251
0.054171097122997836
0.05509744002878777
0.061437712215542326
0.06340989023979708
0.06445379074013118
0.059824821668641344
0.0562944388789395
0.058320796138997086
0.060485553078804606
0.059516148855079797
0.05878781780623032
0.06332893475716676
0.06179687989454978
0.0605666189605225
0.06456565801444028
0.0619090850947862
0.06543051807175874
0.07070999487639563
0.07157233850266248
0.07311628033833092
0.07678472739498736
0.08351579785738356
0.08265479726191376
0.07964198898974813
0.07655244512935364
0.07931382116285232
0.0803178073178684
0.07864140449713457
0.08021769893272486
0.08085322868464989
0.0772948421810236
0.07402379234505231
0.07788507716481642
0.07678343838883216
0.08232153848101678
0.0818921336260264
0.08203784790905759
0.08327642625605981
0.0809491085357016
0.07607652497699685
0.07505974968153824
0.07492205902215959
0.07613935805357029
0.07514302988765179
0.07734234862512152
0.0753470265606259
0.07829364913201113
0.0781897265047595
0.0871491241766337
0.0892003119599092
0.08995183465673053
0.089272360804048
0.08840807851472315
0.09377595150863574
0.0930832330712154
0.09456889351734252
0.09590451947394157
0.09730194590022394
0.09804566483295796
0.09650255727941441
0.09812124330602656
0.09779026668363479
0.09913122917796141
0.09906109477410303
0.10298642416949827
0.10255476273062865
0.1057532970074873
0.10760530963596601
0.10693716449072645
0.10566856086036991
0.10644355510576757
0.10515850833670974
0.1100578302674662
0.111681562826305
0.10607964610583094
0.11089585687932065
0.11121848767191755
0.11135078266415552
0.10764808764614556
0.10925792859483978
0.11916167919039024
0.11713783848431919
0.11259219074497756
0.11848393881335606
0.11955731930258025
0.12169522360351435
0.1163644177569616
0.11376911036526309
0.1224468861264402
0.12658099353110694
0.13078393642977118
0.1266627203034754
0.1307703185186856
0.1329327156640811
0.12549044297228953
0.1233486517669068
0.11870571116912329
0.10935737146574881
0.10281617903161673
0.10657382705116096
0.10392716150967611
0.10703501509490963
0.10625261847785986
0.10736403178534215
0.1065329064944722
0.10425291221434504
0.09960965331562918
0.10307551045220335
0.09374841468624671
0.09363712447692504
0.09501489038635344
0.09822512189844575
0.09742619542744223
0.10191812375169022
0.10533715561543625
0.11193035040898076
0.10801849405914928
0.10538249491090784
0.10221461102968182
0.09622976081871917
0.09617235918506979
0.0973366468760876
0.09364855150914207
0.09402516871220426
0.09370378596751985
0.09388909955451552
0.09587084252189423
0.0930536896296131
0.09541265235470653
0.09732261211934963
0.10402797716221625
0.09858150852885263
0.09699447610179962
0.09974440731520476
0.10507166497933301
0.10708993519361412
0.09951471381405338
0.10140618036220166
0.10387218976376872
0.09244973926687393
0.08889531521316603
0.0905240733490093
0.09346429561322599
0.09718743171327925
0.09685018974372697
0.09286957920403698
0.09167029374391741
0.0856856321340087
0.08285504824689778
0.08624457749368168
0.07870021241098231
0.08289510968624787
0.08024851235791436
0.08479105050195487
0.08741457610718198
0.0841324722037868
0.0858017097270565
0.09310190883710995
0.09705269957040696
0.0912631591388771
0.09391716196368212
0.09442683699453512
0.08848118737648811
0.08784895488967484
0.0836118420671052
0.08930707108970888
0.08530605216070747
0.08643905472673301
0.07878502915720073
0.07529912630813973
0.07707440278130914
0.08102873677756693
0.07840861576517988
0.07986837447379214
0.08245178147946122
0.08225144264550147
0.0870825772435117
0.08602039130025364
0.08390016004995295
0.0860853474331708
0.08244130256717068
0.08365851246154468
0.08617805225459937
0.0895304339729257
0.0902098814991863
0.090271333422812
0.08963604644530607
0.08717662341995375
0.09192705822098825
0.08765461346125328
0.08762010562722276
0.08683702948214529
0.08681818843224733
0.0822821291093894
0.08170876402974274
0.08676686489740132
0.09005211237047689
0.08906342576152418
0.08599400551841198
0.08790602250727717
0.09049747729367695
0.08520128318364245
0.08597856720523045
0.09095034460191401
0.08984793359590777
0.0905311414187414
0.08531348581149488
0.08770953887398057
0.09504055708775408
0.09970180799829968
0.10415605156194678
0.09889667067837715
0.10025472084957955
0.09927716691968133
0.0996371380284218
0.09899434958240103
0.09884901871497973
0.09715711346355992
0.09742575333781285
0.09735214294318438
0.10213535390380045
0.09974596239409796
0.10540459219327193
0.10450190107084592
0.10063804233279126
0.10157374534370643
0.09998133992977158
0.09872438350943245
0.0915101891608851
0.08880535837292548
0.08635945008716928
0.08952754494826894
0.0899280986883524
0.09082319113503054
0.09077071959853701
0.09389959938851583
0.09955057952211416
0.09728574044165582
0.09969074426849936
0.0979808194347844
0.1000667550525161
0.09469803091738083
0.09428401686279356
0.0872120044535684
0.08143457262778425
0.07802867389528938
0.07718801932063238
0.0776551087863218
0.0823169962839573
0.07877212537949926
0.0721072707599102
0.0636057924393108
0.06850030159025265
0.06790218351667551
0.07007650347274916
0.0769877365789922
0.07176284071889014
0.06970569937749982
0.06884222340062378
0.07175941884460951
0.08143014763169731
0.081798992063288
0.08407597649269878
0.08470382738519941
0.08446097458116623
0.08311240588718982
0.07885419486217105
0.07638168329108254
0.08793477327344763
0.09069500656339526
0.0903177980415326
0.08726761361015643
0.07970751825032951
0.077262562013948
0.08225345710564111
0.07846534580716916
0.08113844570069045
0.08278993008103312
0.08366672769064322
0.08653583879991487
0.08603126073407243
0.07784298703916613
0.07567562114779669
0.07706528015173601
0.07172747583946847
0.0741607193533365
0.07957516383184059
0.07788595890689945
0.07369011104345968
0.06841449353066341
0.0710765533596865
0.07653958959571018
0.07843082141282928
0.07643563110531049
0.08136322772684251
0.07796598311502
0.07572992245120987
0.07994941415234372
0.0726094170659673
0.06590225068968146
0.06301595034718124
0.06716694798923403
0.06220462791981792
0.06746589977478583
0.07653859460833111
0.0793324356847358
0.0802734158856994
0.07817668490897611
0.08216630793767069
0.08331725534509068
0.08085895693469097
0.0867335268539844
0.0936306975929952
0.09696719655166032
0.0989334213072794
0.09777100848675464
0.09399289281993391
0.09925840732822591
0.09749470368070975
0.09254325762063871
0.09098349770331844
0.09637004762060984
0.09168439976395143
0.09289938462264778
0.09457689059706856
0.09891575483870063
0.1030037996275045
0.11218500358619332
0.12044302211627456
0.1167362021390132
0.11719081160582565
0.11983138832088079
0.11734833780005222
0.12009260183552103
0.12237256423214338
0.12699147839051922
0.13333892531308386
0.13541431259037437
0.13019894774561008
0.1346961242379221
0.13614592405212772
0.13565588967701017
0.13665051374967424
0.13547372652630374
0.1347544393552191
0.13351725594801722
0.12682225440017758
0.1292740557684596
0.1329086926588262
0.13935640909329264
0.14437941205216392
0.14276841848820257
0.14282279080584784
0.1414620217280675
0.14475056525098653
0.1441033400298632
0.14794590540783265
0.1461063997156401
0.1422347365178324
0.13859903461944262
0.13429296738893629
0.1288292411329634
0.131268970474605
0.1284364562777593
0.12764579420555833
0.1310171753154138
0.13125550953895998
0.12554207764562178
0.1315800706728992
0.13540223375786273
0.13803822803533614
0.13435017544132116
0.14230461016027435
0.1464472561354342
0.14306555697525852
0.1380967945001368
0.1424527687677615
0.1479386924171959
0.14935598295255384
0.1524007586945461
0.1533180227333397
0.14780495946656833
0.14665413661598722
0.13778727108993008
0.1368953106724688
0.13426254303756147
0.13573308918698393
0.12936937421653014
0.12912794082165283
0.126675270694289
0.12704032105590368
0.1277633896082952
0.12245414740719418
0.12488741869770414
0.12496812384108516
0.12869952887920794
0.12833155978400684
0.12974197008875724
0.1279903497111186
0.13081291882176832
0.13630295328810402
0.1399861451090628
0.1385657361248974
0.13991160972790537
0.1420925458268218
0.14836063003261196
0.15054811816356956
0.14867390840740183
0.14180350654944723
0.14450494488511154
0.14650303052848243
0.14547997098708026
0.141320342255254
0.14529725829635048
0.13784444994405662
0.13197480797201414
0.12869922666942524
0.11858613165167253
0.11934042901397815
0.11845728013843107
0.11682158216655895
0.10996569298661726
0.1126310527859799
0.11199143445218977
0.10792631424515492
0.11292389502541991
0.10975598440269523
0.1003983897455651
0.09702313309345124
0.09296425064423107
0.09005921877006152
0.09730422620129009
0.09419067594526616
0.08797675520345126
0.08366346229831143
0.08184630923432884
0.08480599973228818
0.08984528185881671
0.08747677149102889
0.08709887790170154
0.0849656913501766
0.08758660838737142
0.07948894017324974
0.08244389278989639
0.0808692940435465
0.08172779179967898
0.08613423311664514
0.08966684695702416
0.08739017059568212
0.08975962125761063
0.08586569136391022
0.07734964136854892
0.0805218679388817
0.07842437900073425
0.07625804608640646
0.07151472476304079
0.07360779489813025
0.07451283144921018
0.07480757462749249
0.0699165029499609
0.07051524911080957
0.07315910426718973
0.07719937235000653
0.07851572027912809
0.06993114986799662
0.07829221823271343
0.0775024180270672
0.08495625579754215
0.08152660405769148
0.08428794122617266
0.08821148224552021
0.09508144534514151
0.08868134487971817
0.0878578146809166
0.08584714695658129
0.08299047044285267
0.08028744483549907
0.0764448075758631
0.07887799640136742
0.0776969422074996
0.07004536911239544
0.0648528243435862
0.06260675167373125
0.06683251962625358
0.06968074597198537
0.06876612537427924
0.06462520237372844
0.060643253286992806
0.05587117010234271
0.05116573908654738
0.05220391225383329
0.05213320407383178
0.054947404932543395
0.048659960344379256
0.04406057859767538
0.04053035432636444
0.034500506687520555
0.022970229820125525
0.023782965251861663
0.026578867126777584
0.029750386694598903
0.03326003522557745
0.03958769692768247
0.037287302285439104
0.03339071001348878
0.028440400594347118
0.024900505174617553
0.01612506481104834
0.01591259392523466
0.02150209480377331
0.022834949425326524
0.016637346133927155
0.020928261708248703
0.019690435388696862
0.02047528478227503
0.014471528086439544
0.012541762059675778
0.008096927779537702
0.004841636364331433
0.0050398420383238095
0.013144114015169111
0.015446108122410464
0.018828499637729937
0.016345496211925232
0.01433726865423478
0.013265757331938178
0.014908265200008104
0.01344617718415861
0.00843997256534938
0.010398557513971486
0.007325300806174165
0.006775870140239947
0.009226770349677123
0.016158508616637774
0.02147355569282345
0.01910123851575734
0.023545656815236283
0.02064664682538965
0.01907737900420653
0.02052094106561558
0.023662040198130476
0.02470688642681759
0.025973949037485893
0.022011348600094263
0.021963627684113213
0.02327338024874824
0.030128160932086895
0.02611892575060977
0.03130301700186168
0.03612189516781395
0.03964134971431472
0.03972676400349728
0.03511192281444783
0.03650084860191277
0.038793588278691477
0.037106666641345855
0.032074222175867084
0.03849581187187566
0.03314462566811847
0.030586213666977495
0.024365238427553875
0.02774866151190541
0.02331883936336327
0.03243550962975354
0.03585944518435865
0.0366504238505757
0.0401303101089755
0.0335395891138396
0.037860093534656414
0.0322016551593212
0.030406438122259474
0.026028095788943557
0.022345010862043487
0.017792878778356544
0.020535372771047288
0.01870323498197821
0.02059184441337123
0.027252044217450564
0.029212554800235678
0.028762241888309302
0.027661156890934593
0.02504329192892977
0.02558688738334505
0.024376855730306603
0.02507825809525888
0.023209345717774964
0.0297219306548827
0.027265178263369095
0.026960079322043033
0.025465069772307766
0.02522426156290569
0.02623412987997625
0.02532192828954326
0.028136039596438248
0.027968355968524726
0.029872110392601767
0.03161807437297266
0.03046176350499994
0.029295954358807285
0.0312807716410779
0.031071361902749013
0.027496992401469588
0.032543925365656964
0.030666929394915075
0.03655928375664267
0.04067797720822688
0.03044059514416774
0.03221514600165419
0.03755481043710158
0.04440734248733036
0.043557254684613786
0.04245792859029391
0.05088020568663963
0.0491667299933097
0.04601428265665219
0.045037785577260125
0.050314395240148024
0.04843537857379143
0.04104891809298496
0.04578203145381337
0.04712068863190891
0.04774756300376911
0.041905985568662485
0.042965716829181676
0.044028708502738496
0.04360871019416139
0.04526201070833118
0.050716642261478706
0.0462868651343349
0.051526168519254054
0.0518543356625957
0.050944809798125934
0.04670393406957013
0.043518461328456305
0.03970919193293046
0.04646892386728142
0.04769991257056927
0.050735000389194214
0.054983415726055244
0.051533264064770164
0.05664513854255599
0.05095152195943995
0.04579890323659546
0.04857912190098442
0.04363728247562927
0.042325066481983205
0.04650529054380908
0.0503445821708453
0.05099624359926769
0.056728085444139945
0.059583438828455335
0.058091784994647615
0.06092700140055318
0.05829167559088678
0.05440271225442588
0.053158147799300184
0.05702419437455106
0.06356612839947991
0.0721322378747464
0.07306473094107817
0.07030471023303345
0.0792877018726862
0.07627670597108849
0.07630825065019693
0.07496137094586121
0.07756304797402817
0.07772793535464874
0.07314592451094132
0.0688956882718572
0.06870744761818066
0.07040586654109658
0.07059558911252814
0.06859135709713367
0.06285561085942411
0.06412210189041906
0.06795275574199054
0.06660192079815372
0.06387827939415713
0.05966824682921244
0.052852296017507114
0.05614705934927874
0.06305765801803508
0.05922831168272247
0.05430583610061904
0.0616746677793085
0.05616534771560205
0.05300292288292914
0.052808956415462176
0.05269025070409432
0.053774905237734504
0.052423924170997574
0.05858632997600413
0.05826742832013023
0.06029338528742477
0.06751785522526689
0.07038223388412922
0.07174417789311524
0.07129540261786733
0.06551249622300044
0.06621941308970068
0.06373533566801179
0.06812986226813819
0.061301457863179296
0.0538943849801536
0.050649763004012145
0.046940682979140974
0.047245733755186335
0.048011045452838234
0.048209905043591475
0.04865054160735455
0.05064346842616158
0.04933035356561039
0.05338939039336447
0.05151235077030727
0.05271327783533048
0.05424331784984329
0.05122739910611421
0.048866918921877674
0.04787128202276857
0.048889186086678776
0.04367494500906887
0.037533338279330496
0.03505219180491959
0.03383744605182372
0.033450401773377235
0.03381029207130831
0.03438607353761053
0.03643306781679513
0.03502970313729244
0.03595131316231509
0.036824901230633665
0.033159052214850854
0.03402810340519043
0.02954982128678156
0.03140548524274748
0.035729068507803385
0.037329941294654265
0.03568149317055435
0.034197150855460615
0.03984291776182253
0.03363711837843703
0.030649346174986263
0.032219495786284316
0.029788950059577168
0.034997931673108856
0.035854448220372134
0.03497214803961066
0.03422771050848859
0.03246491943714255
0.028495728836343284
0.029276480293849442
0.0323305031149558
0.03251964205454736
0.029118722531478104
0.02809175615292734
0.02316833938211785
0.018793598815902302
0.01905531889817217
0.022221866714347012
0.025173266368608116
0.025626243931080192
0.027218358283838045
0.01664747497944729
0.020475772517819107
0.0211833766919144
0.02094134313166909
0.022199193897586723
0.020867364402210827
0.016375326776699648
0.009597472921429335
0.01923092334113119
0.01963504894389975
0.019141593706603975
0.017477610472255347
0.012682974223345835
0.016379338872357815
0.014594550937047902
0.01677746995219412
0.014041696734331659
0.019740374481899085
0.013275371146457968
0.011389010084281356
0.010063214201785792
0.01431150195231733
0.012658634014464012
0.01650600311233098
0.022596763645248884
0.030106742205319566
0.03427602833481567
0.031150574882002888
0.0336217415880406
0.029650230513702747
0.022291972341567053
0.027012620370551674
0.02512732879499661
0.026598666774713224
0.019700527187797728
0.02193475889220048
0.016615889602133158
0.019955828306949443
0.021558514607477295
0.013077160294706354
0.009243481366224793
0.012666689702949051
0.012059379100828908
0.009943440070147903
0.01213354792460506
0.009161183529777047
0.008800194639787727
0.003646626992442995
0.0042498706622825155
0.0011830350664541476
0.0006005420545160668
0.0016585402024127003
0.00043197836775731697
-0.006825065915229455
-0.005831719977081019
-0.000445817488668232
-0.0025281918554574635
-0.0015872463806741368
0.002157140217560653
0.006949371956163252
0.003825106499442207
-0.0002815603047563193
0.004020572633997517
0.0023742620262089593
0.00494415533283276
0.001317727197994261
0.005581485235706982
0.007104312025361066
0.008264492049126404
0.013224511870372515
0.01655558906428526
0.01850818104261443
0.02480144805866656
0.025922996264634637
0.02575472343749624
0.02975329938975308
0.02352298382427211
0.02387553898112054
0.02067693931525048
0.024071116315814003
0.02783312759190626
0.02715858746517739
0.033472741409315915
0.031552711390165876
0.027485425309364254
0.027405565460602535
0.031053739907450723
0.02698333686826683
0.025179769253916684
0.01859335767872866
0.01642178754536732
0.014762360912090156
0.015917625822216563
0.017745708473906118
0.01470635906086281
0.011047305991208609
0.009849668429723308
0.006620650423965731
0.00893115868534183
0.016492230983867064
0.008069743766571933
0.014028434492040751
0.016265442437001933
0.013248828851587504
0.015579433027827157
0.011901449111164968
0.011999317522866183
0.006378822221810687
0.011834664645849542
0.008233294427223137
0.009956427032764273
0.0014132497624798328
0.0024077907490449857
-0.0015812006742142344
-0.006641873367164912
-0.007353805969107308
-0.004381446688329597
-0.005512353330226179
-0.010078409979400675
-0.009851184170640992
-0.007928899695791363
-0.006901086684421269
-0.001961098290027781
0.002446214589887051
0.001898578237767524
-0.0011715515661706412
-0.0050278664140344315
-0.002180645010452096
-0.0005065214397582008
-0.0018424264717487747
-0.0038254329396708925
-0.0034264945882289985
-0.0059900838261136
-0.008191553484654682
-0.010131917527670774
-0.00686276526354318
-0.010236640457976696
-0.0025576011453252107
-0.0030832562296423927
