0.0
0
0
0
0
0
0
0
0
0
0
0
0
0
0
0
0
0
0
0
0
0
0
0
0
0
0
0
0
0
0
0
0
0
0
0
0
0
0
0
0
0
0
0
0
0
0
0
0
0
0.0
0.0
0.0
0.0
0.0
0.0
0.0
0.0
0.0
0.0
0.0
0.0
0.0
0.0
0.0
0.0
0.0
0.0
0.0
0.0
0.0
0.0
0.0
0.0
0.0
0.0
0.0
0.0
0.0
0.0
0.0
0.0
0.0
0.0
0.0
0.0
0.0
0.0
0.0
0.0
0.0
0.0
0.0
0.0
0.0
0.0
0.0
0.0
0.0
0.0
0.0
0.0
0.0
0.0
0.0
0.0
0.0
0.0
0.0
0.0
0.0
0.0
0.0
0.0
0.0
0.0
0.0
0.0
0.0
0.0
0.0
0.0
0.0
0.0
0.0
0.0
0.0
0.0
0.0
0.0
0.0
0.0
0.0
0.0
0.0
0.0
0.0
0.0
0.0
0.0
0.0
0.0
0.0
0.0
0.0
0.0
0.0
0.0
0.0
0.0
0.0
0.0
0.0
0.0
0.0
0.0
0.0
0.0
0.0
0.0
0.0
0.0
0.0
0.0
0.0
0.0
0.0
0.0
0.0
0.0
0.0
0.0
0.0
0.0
0.0
0.0
0.0
0.0
0.0
0.0
0.0
0.0
0.0
0.0
0.0
0.0
0.0
0.0
0.0
0.0
0.0
0.0
0.0
0.0
0.0
0.0
0.0
0.0
0.0
0.0
0.0
0.0
0.0
0.0
0.0
0.0
0.0
0.0
0.0
0.0
0.0
0.0
0.0
0.0
0.0
0.0
0.0
0.0
0.0
0.0
0.0
0.0
0.0
0.0
0.0
0.0
0.0
0.0
0.0
0.0
0.0
0.0
0.0
0.0
0.0
0.0
0.0
0.0
0.0
0.0
0.0
0.0
0.0
0.0
0.0
0.0
0.0
0.0
0.0
0.0
0.0
0.0
0.0
0.0
0.0
0.0
0.0
0.0
0.0
0.0
0.0
0.0
0.0
0.0
0.0
0.0
0.0
0.0
0.0
0.0
0.0
0.0
0.0
0.0
0.0
0.0
0.0
0.0
0.0
0.0
0.0
0.0
0.0
0.0
0.0
0.0
0.0
0.0
0.0
0.0
0.0
0.0
0.0
0.0
0.0
0.0
0.0
0.0
0.0
0.0
0.0
0.0
0.0
0.0
0.0
0.0
0.0
0.0
0.0
0.0
0.0
0.0
0.0
0.0
0.0
0.0
0.0
0.0
0.0
0.0
0.0
0.0
0.0
0.0
0.0
0.0
0.0
0.0
0.0
0.0
0.0
0.0
0.0
0.0
0.0
0.0
0.0
0.0
0.0
0.0
0.0
0.0
0.0
0.0
0.0
0.0
0.0
0.0
0.0
0.0
0.0
0.0
0.0
0.0
0.0
0.0
0.0
0.0
0.0
0.0
0.0
0.0
0.0
0.0
0.0
0.0
0.0
0.0
0.0
0.0
0.0
0.0
0.0
0.0
0.0
0.0
0.0
0.0
0.0
0.0
0.0
0.0
0.0
0.0
0.0
0.0
0.0
0.0
0.0
0.0
0.0
0.0
0.0
0.0
0.0
0.0
0.0
0.0
0.0
0.0
0.0
0.0
0.0
0.0
0.0
0.0
0.0
0.0
0.0
0.0
0.0
0.0
0.0
0.0
0.0
0.0
0.0
0.0
0.0
0.0
0.0
-0.016
-0.072
-0.16799999999999998
-0.3
-0.448
-0.604
-0.768
-0.936
-1.116
-1.304
-1.504
-1.708
-1.912
-2.12
-2.3280000000000003
-2.5360000000000005
-2.7440000000000007
-2.956000000000001
-3.172000000000001
-3.3880000000000012
-3.6040000000000014
-3.8200000000000016
-4.036000000000001
-4.252000000000002
-4.468000000000002
-4.684000000000002
-4.904000000000002
-5.124000000000001
-5.344000000000001
-5.564000000000001
-5.784000000000001
-6.0040000000000004
-6.224
-6.444
-6.664
-6.8839999999999995
-7.103999999999999
-7.323999999999999
-7.543999999999999
-7.7639999999999985
-7.983999999999998
-8.203999999999999
-8.424
-8.644
-8.864
-9.084000000000001
-9.304000000000002
-9.524000000000003
-9.744000000000003
-9.964000000000004
-10.184000000000005
-10.404000000000005
-10.624000000000006
-10.844000000000007
-11.064000000000007
-11.284000000000008
-11.504000000000008
-11.724000000000009
-11.94400000000001
-12.16400000000001
-12.384000000000011
-12.604000000000012
-12.824000000000012
-13.044000000000013
-13.264000000000014
-13.484000000000014
-13.704000000000015
-13.924000000000015
-14.144000000000016
-14.364000000000017
-14.584000000000017
-14.804000000000018
-15.024000000000019
-15.24400000000002
-15.46400000000002
-15.68400000000002
-15.904000000000021
-16.12400000000002
-16.34400000000002
-16.564000000000018
-16.784000000000017
-17.004000000000016
-17.224000000000014
-17.444000000000013
-17.664000000000012
-17.88400000000001
-18.10400000000001
-18.32400000000001
-18.544000000000008
-18.764000000000006
-18.984000000000005
-19.204000000000004
-19.424000000000003
-19.644000000000002
-19.864
-20.084
-20.304
-20.523999999999997
-20.743999999999996
-20.963999999999995
-21.183999999999994
-21.403999999999993
-21.62399999999999
-21.84399999999999
-22.06399999999999
-22.28399999999999
-22.503999999999987
-22.723999999999986
-22.943999999999985
-23.163999999999984
-23.383999999999983
-23.60399999999998
-23.82399999999998
-24.04399999999998
-24.263999999999978
-24.49199999999998
-24.73999999999998
-24.99599999999998
-25.27199999999998
-25.55599999999998
-25.84399999999998
-26.13599999999998
-26.427999999999983
-26.719999999999985
-27.011999999999986
-27.303999999999988
-27.59599999999999
-27.88799999999999
-28.179999999999993
-28.479999999999993
-28.779999999999994
-29.087999999999994
-29.395999999999994
-29.719999999999995
-30.051999999999996
-30.391999999999996
-30.735999999999997
-31.083999999999996
-31.431999999999995
-31.783999999999995
-32.13999999999999
-32.49999999999999
-32.85999999999999
-33.21999999999999
-33.57999999999999
-33.93999999999999
-34.29999999999999
-34.65999999999999
-35.02399999999999
-35.387999999999984
-35.755999999999986
-36.12399999999999
-36.499999999999986
-36.883999999999986
-37.26799999999999
-37.65999999999999
-38.05599999999999
-38.45199999999999
-38.84799999999999
-39.24399999999999
-39.63999999999999
-40.035999999999994
-40.431999999999995
-40.827999999999996
-41.224
-41.62
-42.016
-42.412
-42.808
-43.204
-43.6
-43.996
-44.392
-44.788000000000004
-45.184000000000005
-45.580000000000005
-45.976000000000006
-46.37200000000001
-46.37200000000001
-46.37200000000001
-46.37200000000001
-46.37200000000001
-46.37200000000001
-46.37200000000001
-46.37200000000001
-46.37200000000001
-46.37200000000001
-46.37200000000001
-46.37200000000001
-46.37200000000001
-46.37200000000001
-46.37200000000001
-46.37200000000001
-46.37200000000001
-46.37200000000001
-46.37200000000001
-46.37200000000001
-46.37200000000001
-46.37200000000001
-46.37200000000001
-46.37200000000001
-46.37200000000001
-46.37200000000001
-46.37200000000001
-46.37200000000001
-46.37200000000001
-46.37200000000001
-46.37200000000001
-46.37200000000001
-46.37200000000001
-46.37200000000001
-46.37200000000001
-46.37200000000001
-46.37200000000001
-46.37200000000001
-46.37200000000001
-46.37200000000001
-46.37200000000001
-46.37200000000001
-46.37200000000001
-46.37200000000001
-46.37200000000001
-46.37200000000001
-46.37200000000001
-46.37200000000001
-46.37200000000001
-46.37200000000001
-46.37200000000001
-46.37200000000001
-46.37200000000001
-46.37200000000001
-46.37200000000001
-46.37200000000001
-46.37200000000001
-46.37200000000001
-46.37200000000001
-46.37200000000001
-46.37200000000001
-46.37200000000001
-46.37200000000001
-46.37200000000001
-46.37200000000001
-46.37200000000001
-46.37200000000001
-46.37200000000001
-46.37200000000001
-46.37200000000001
-46.37200000000001
-46.37200000000001
-46.37200000000001
-46.37200000000001
-46.37200000000001
-46.37200000000001
-46.37200000000001
-46.37200000000001
-46.37200000000001
-46.37200000000001
-46.37200000000001
-46.37200000000001
-46.37200000000001
-46.37200000000001
-46.37200000000001
-46.37200000000001
-46.37200000000001
-46.37200000000001
-46.37200000000001
-46.37200000000001
-46.37200000000001
-46.37200000000001
-46.37200000000001
-46.37200000000001
-46.37200000000001
-46.37200000000001
-46.37200000000001
-46.37200000000001
-46.37200000000001
-46.37200000000001
-46.37200000000001
-46.37200000000001
-46.37200000000001
-46.37200000000001
-46.37200000000001
-46.37200000000001
-46.37200000000001
-46.37200000000001
-46.37200000000001
-46.37200000000001
-46.37200000000001
-46.37200000000001
-46.37200000000001
-46.37200000000001
-46.37200000000001
-46.37200000000001
-46.37200000000001
-46.37200000000001
-46.37200000000001
-46.37200000000001
-46.37200000000001
-46.37200000000001
-46.37200000000001
-46.37200000000001
-46.37200000000001
-46.37200000000001
-46.37200000000001
-46.37200000000001
-46.37200000000001
-46.37200000000001
-46.37200000000001
-46.37200000000001
-46.37200000000001
-46.37200000000001
-46.37200000000001
-46.37200000000001
-46.37200000000001
-46.37200000000001
-46.37200000000001
-46.37200000000001
-46.37200000000001
-46.37200000000001
-46.37200000000001
-46.37200000000001
-46.37200000000001
-46.37200000000001
-46.37200000000001
-46.37200000000001
-46.37200000000001
-46.37200000000001
-46.37200000000001
-46.37200000000001
-46.37200000000001
-46.37200000000001
-46.37200000000001
-46.37200000000001
-46.37200000000001
-46.37200000000001
-46.37200000000001
-46.37200000000001
-46.37200000000001
-46.37200000000001
-46.37200000000001
-46.37200000000001
-46.37200000000001
-46.37200000000001
-46.37200000000001
-46.37200000000001
-46.37200000000001
-46.37200000000001
-46.37200000000001
-46.37200000000001
-46.37200000000001
-46.37200000000001
-46.37200000000001
-46.37200000000001
-46.37200000000001
-46.37200000000001
-46.37200000000001
-46.37200000000001
-46.37200000000001
-46.37200000000001
-46.37200000000001
-46.37200000000001
-46.37200000000001
-46.37200000000001
-46.37200000000001
-46.37200000000001
-46.37200000000001
-46.37200000000001
-46.37200000000001
-46.37200000000001
-46.37200000000001
-46.37200000000001
-46.37200000000001
-46.37200000000001
-46.37200000000001
-46.37200000000001
-46.37200000000001
-46.37200000000001
-46.37200000000001
-46.37200000000001
-46.37200000000001
-46.37200000000001
-46.37200000000001
-46.37200000000001
-46.37200000000001
-46.37200000000001
-46.37200000000001
-46.37200000000001
-46.37200000000001
-46.37200000000001
-46.37200000000001
-46.37200000000001
-46.37200000000001
-46.37200000000001
-46.37200000000001
-46.37200000000001
-46.37200000000001
-46.37200000000001
-46.37200000000001
-46.37200000000001
-46.37200000000001
-46.37200000000001
-46.37200000000001
-46.37200000000001
-46.37200000000001
-46.37200000000001
-46.37200000000001
-46.37200000000001
-46.37200000000001
-46.37200000000001
-46.37200000000001
-46.37200000000001
-46.37200000000001
-46.37200000000001
-46.37200000000001
-46.37200000000001
-46.37200000000001
-46.37200000000001
-46.37200000000001
-46.37200000000001
-46.37200000000001
-46.37200000000001
-46.37200000000001
-46.37200000000001
-46.37200000000001
-46.37200000000001
-46.37200000000001
-46.37200000000001
-46.37200000000001
-46.37200000000001
-46.37200000000001
-46.37200000000001
-46.37200000000001
-46.37200000000001
-46.37200000000001
-46.37200000000001
-46.37200000000001
-46.37200000000001
-46.37200000000001
-46.37200000000001
-46.37200000000001
-46.37200000000001
-46.37200000000001
-46.37200000000001
-46.37200000000001
-46.37200000000001
-46.37200000000001
-46.37200000000001
-46.37200000000001
-46.37200000000001
-46.37200000000001
-46.37200000000001
-46.37200000000001
-46.37200000000001
-46.37200000000001
-46.37200000000001
-46.37200000000001
-46.37200000000001
-46.37200000000001
-46.37200000000001
-46.37200000000001
-46.37200000000001
-46.37200000000001
-46.37200000000001
-46.37200000000001
-46.37200000000001
-46.37200000000001
-46.37200000000001
-46.37200000000001
-46.37200000000001
-46.37200000000001
-46.37200000000001
-46.37200000000001
-46.37200000000001
-46.37200000000001
-46.37200000000001
-46.37200000000001
-46.37200000000001
-46.37200000000001
-46.37200000000001
-46.37200000000001
-46.37200000000001
-46.37200000000001
-46.37200000000001
-46.37200000000001
-46.37200000000001
-46.37200000000001
-46.37200000000001
-46.37200000000001
-46.37200000000001
-46.37200000000001
-46.37200000000001
-46.37200000000001
-46.37200000000001
-46.37200000000001
-46.37200000000001
-46.37200000000001
-46.37200000000001
-46.37200000000001
-46.37200000000001
-46.37200000000001
-46.37200000000001
-46.37200000000001
-46.37200000000001
-46.37200000000001
-46.37200000000001
-46.37200000000001
-46.37200000000001
-46.37200000000001
-46.37200000000001
-46.37200000000001
-46.37200000000001
-46.37200000000001
-46.37200000000001
-46.37200000000001
-46.37200000000001
-46.37200000000001
-46.37200000000001
-46.37200000000001
-46.37200000000001
-46.37200000000001
-46.37200000000001
-46.37200000000001
-46.37200000000001
-46.37200000000001
-46.37200000000001
-46.37200000000001
-46.37200000000001
-46.37200000000001
-46.37200000000001
-46.37200000000001
-46.37200000000001
-46.37200000000001
-46.37200000000001
-46.37200000000001
-46.37200000000001
-46.37200000000001
-46.37200000000001
-46.37200000000001
-46.37200000000001
-46.37200000000001
-46.37200000000001
-46.37200000000001
-46.37200000000001
-46.37200000000001
-46.37200000000001
-46.37200000000001
-46.37200000000001
-46.37200000000001
-46.37200000000001
-46.37200000000001
-46.37200000000001
-46.37200000000001
-46.37200000000001
-46.37200000000001
-46.37200000000001
-46.37200000000001
-46.37200000000001
-46.37200000000001
-46.37200000000001
-46.37200000000001
-46.37200000000001
-46.37200000000001
-46.37200000000001
-46.37200000000001
-46.37200000000001
-46.37200000000001
-46.37200000000001
-46.37200000000001
-46.37200000000001
-46.37200000000001
-46.37200000000001
-46.37200000000001
-46.37200000000001
-46.37200000000001
-46.37200000000001
-46.37200000000001
-46.37200000000001
-46.37200000000001
-46.37200000000001
-46.37200000000001
-46.37200000000001
-46.37200000000001
-46.37200000000001
-46.37200000000001
-46.37200000000001
-46.37200000000001
-46.37200000000001
-46.37200000000001
-46.37200000000001
-46.37200000000001
-46.37200000000001
-46.37200000000001
-46.37200000000001
-46.37200000000001
-46.37200000000001
-46.37200000000001
-46.37200000000001
-46.37200000000001
-46.37200000000001
-46.37200000000001
-46.37200000000001
-46.37200000000001
-46.37200000000001
-46.37200000000001
-46.37200000000001
-46.37200000000001
-46.37200000000001
-46.37200000000001
-46.37200000000001
-46.37200000000001
-46.37200000000001
-46.37200000000001
-46.37200000000001
-46.37200000000001
-46.37200000000001
-46.37200000000001
-46.37200000000001
-46.37200000000001
-46.37200000000001
-46.37200000000001
-46.37200000000001
-46.37200000000001
-46.37200000000001
-46.37200000000001
-46.37200000000001
-46.37200000000001
-46.37200000000001
-46.37200000000001
-46.37200000000001
-46.37200000000001
-46.37200000000001
-46.37200000000001
-46.37200000000001
-46.37200000000001
-46.37200000000001
-46.37200000000001
-46.37200000000001
-46.37200000000001
-46.37200000000001
-46.37200000000001
-46.37200000000001
-46.37200000000001
-46.37200000000001
-46.37200000000001
-46.37200000000001
-46.37200000000001
-46.37200000000001
-46.37200000000001
-46.37200000000001
-46.37200000000001
-46.37200000000001
-46.37200000000001
-46.37200000000001
-46.37200000000001
-46.37200000000001
-46.37200000000001
-46.37200000000001
-46.37200000000001
-46.37200000000001
-46.37200000000001
-46.37200000000001
-46.37200000000001
-46.37200000000001
-46.37200000000001
-46.37200000000001
-46.37200000000001
-46.37200000000001
-46.37200000000001
-46.37200000000001
-46.37200000000001
-46.37200000000001
-46.37200000000001
-46.37200000000001
-46.37200000000001
-46.37200000000001
-46.37200000000001
-46.37200000000001
-46.37200000000001
-46.37200000000001
-46.37200000000001
-46.37200000000001
-46.37200000000001
-46.37200000000001
-46.37200000000001
-46.37200000000001
-46.37200000000001
-46.37200000000001
-46.37200000000001
-46.37200000000001
-46.37200000000001
-46.37200000000001
-46.37200000000001
-46.37200000000001
-46.37200000000001
-46.37200000000001
-46.37200000000001
-46.37200000000001
-46.37200000000001
-46.37200000000001
-46.37200000000001
-46.37200000000001
-46.37200000000001
-46.37200000000001
-46.37200000000001
-46.37200000000001
-46.37200000000001
-46.37200000000001
-46.37200000000001
-46.37200000000001
-46.37200000000001
-46.37200000000001
-46.37200000000001
-46.37200000000001
-46.37200000000001
-46.37200000000001
-46.37200000000001
-46.37200000000001
-46.37200000000001
-46.37200000000001
-46.37200000000001
-46.37200000000001
-46.37200000000001
-46.37200000000001
-46.37200000000001
-46.37200000000001
-46.37200000000001
-46.37200000000001
-46.37200000000001
-46.37200000000001
-46.37200000000001
-46.37200000000001
-46.37200000000001
-46.37200000000001
-46.37200000000001
-46.37200000000001
-46.37200000000001
-46.37200000000001
-46.37200000000001
-46.37200000000001
-46.37200000000001
-46.37200000000001
-46.37200000000001
-46.37200000000001
-46.37200000000001
-46.37200000000001
-46.37200000000001
-46.37200000000001
-46.37200000000001
-46.37200000000001
-46.37200000000001
-46.37200000000001
-46.37200000000001
-46.37200000000001
-46.37200000000001
-46.37200000000001
-46.37200000000001
-46.37200000000001
-46.37200000000001
-46.37200000000001
-46.37200000000001
-46.37200000000001
-46.37200000000001
-46.37200000000001
-46.37200000000001
-46.37200000000001
-46.37200000000001
-46.37200000000001
-46.37200000000001
-46.37200000000001
-46.37200000000001
-46.37200000000001
-46.37200000000001
-46.37200000000001
-46.37200000000001
-46.37200000000001
-46.37200000000001
-46.37200000000001
-46.37200000000001
-46.37200000000001
-46.37200000000001
-46.37200000000001
-46.37200000000001
-46.37200000000001
-46.37200000000001
-46.37200000000001
-46.37200000000001
-46.37200000000001
-46.37200000000001
-46.37200000000001
-46.37200000000001
-46.37200000000001
-46.37200000000001
-46.37200000000001
-46.37200000000001
-46.37200000000001
-46.37200000000001
-46.37200000000001
-46.37200000000001
-46.37200000000001
-46.37200000000001
-46.37200000000001
-46.37200000000001
-46.37200000000001
-46.37200000000001
-46.37200000000001
-46.37200000000001
-46.37200000000001
-46.37200000000001
-46.37200000000001
-46.37200000000001
-46.37200000000001
-46.37200000000001
-46.37200000000001
-46.37200000000001
-46.37200000000001
-46.37200000000001
-46.37200000000001
-46.37200000000001
-46.37200000000001
-46.37200000000001
-46.37200000000001
-46.37200000000001
-46.37200000000001
-46.37200000000001
-46.37200000000001
-46.37200000000001
-46.37200000000001
-46.37200000000001
-46.37200000000001
-46.37200000000001
-46.37200000000001
-46.37200000000001
-46.37200000000001
-46.37200000000001
-46.37200000000001
-46.37200000000001
-46.37200000000001
-46.37200000000001
-46.37200000000001
-46.37200000000001
-46.37200000000001
-46.37200000000001
-46.37200000000001
-46.37200000000001
-46.37200000000001
-46.37200000000001
-46.37200000000001
-46.37200000000001
-46.37200000000001
-46.37200000000001
-46.37200000000001
-46.37200000000001
-46.37200000000001
-46.37200000000001
-46.37200000000001
-46.37200000000001
-46.37200000000001
-46.37200000000001
-46.37200000000001
-46.37200000000001
-46.37200000000001
-46.37200000000001
-46.37200000000001
-46.37200000000001
-46.37200000000001
-46.37200000000001
-46.37200000000001
-46.37200000000001
-46.37200000000001
-46.37200000000001
-46.37200000000001
-46.37200000000001
-46.37200000000001
-46.37200000000001
-46.37200000000001
-46.37200000000001
-46.37200000000001
-46.37200000000001
-46.37200000000001
