0.0
0
0
0
0
0
0
0
0
0
0
0
0
0
0
0
0
0
0
0
0
0
0
0
0
0
0
0
0
0
0
0
0
0
0
0
0
0
0
0
0
0
0
0
0
0
0
0
0
0
0.0
0.0
0.0
0.0
0.0
0.0
0.0
0.0
0.0
0.0
0.0
0.0
0.0
0.0
0.0
0.0
0.0
0.0
0.0
0.0
0.0
0.0
0.0
0.0
0.0
0.0
0.0
0.0
0.0
0.0
0.0
0.0
0.0
0.0
0.0
0.0
0.0
0.0
0.0
0.0
0.0
0.0
0.0
0.0
0.0
0.0
0.0
0.0
0.0
0.0
0.0
0.0
0.0
0.0
0.0
0.0
0.0
0.0
0.0
0.0
0.0
0.0
0.0
0.0
0.0
0.0
0.0
0.0
0.0
0.0
0.0
0.0
0.0
0.0
0.0
0.0
0.0
0.0
0.0
0.0
0.0
0.0
0.0
0.0
0.0
0.0
0.0
0.0
0.0
0.0
0.0
0.0
0.0
0.0
0.0
0.0
0.0
0.0
0.0
0.0
0.0
0.0
0.0
0.0
0.0
0.0
0.0
0.0
0.0
0.0
0.0
0.0
0.0
0.0
0.0
0.0
0.0
0.0
0.0
0.0
0.0
0.0
0.0
0.0
0.0
0.0
0.0
0.0
0.0
0.0
0.0
0.0
0.0
0.0
0.0
0.0
0.0
0.0
0.0
0.0
0.0
0.0
0.0
0.0
0.0
0.0
0.0
0.0
0.0
0.0
0.0
0.0
0.0
0.0
0.0
0.0
0.0
0.0
0.0
0.0
0.0
0.0
0.0
0.0
0.0
0.0
0.0
0.0
0.0
0.0
0.0
0.0
0.0
0.0
0.0
0.0
0.0
0.0
0.0
0.0
0.0
0.0
0.0
0.0
0.0
0.0
0.0
0.0
0.0
0.0
0.0
0.0
0.0
0.0
0.0
0.0
0.0
0.0
0.0
0.0
0.0
0.0
0.0
0.0
0.0
0.0
0.0
0.0
0.0
0.0
0.0
0.0
0.0
0.0
0.0
0.0
0.0
0.0
0.0
0.0
0.0
0.0
0.0
0.0
0.0
0.0
0.0
0.0
0.0
0.0
0.0
0.0
0.0
0.0
0.0
0.0
0.0
0.0
0.0
0.0
0.0
0.0
0.0
0.0
0.0
0.0
0.0
0.0
0.0
0.0
0.0
0.0
0.0
0.0
0.0
0.0
0.0
0.0
0.0
0.0
0.0
0.0
0.0
0.0
0.0
0.0
0.0
0.0
0.0
0.0
0.0
0.0
0.0
0.0
0.0
0.0
0.0
0.0
0.0
0.0
0.0
0.0
0.0
0.0
0.0
0.0
0.0
0.0
0.0
0.0
0.0
0.0
0.0
0.0
0.0
0.0
0.0
0.0
0.0
0.0
0.0
0.0
0.0
0.0
0.0
0.0
0.0
0.0
0.0
0.0
0.0
0.0
0.0
0.0
0.0
0.0
0.0
0.0
0.0
0.0
0.0
0.0
0.0
0.0
0.0
0.0
0.0
0.0
0.0
0.0
0.0
0.0
0.0
0.0
0.0
0.0
0.0
0.0
0.0
0.0
0.0
0.0
0.0
0.0
0.0
0.0
0.0
0.0
0.0
0.0
0.0
0.0
0.0
0.0
0.0
0.0
0.0
0.0
0.0
0.0
0.0
0.0
0.0
0.0
0.0
0.0
0.0
0.0
0.0
0.0
0.0
0.0
0.0
0.027999999999999997
0.076
0.128
0.18
0.23199999999999998
0.284
0.33599999999999997
0.38799999999999996
0.43999999999999995
0.49199999999999994
0.5439999999999999
0.596
0.648
0.7000000000000001
0.7520000000000001
0.8000000000000002
0.8480000000000002
0.8960000000000002
0.9440000000000003
0.9920000000000003
1.0400000000000003
1.0880000000000003
1.1360000000000003
1.1840000000000004
1.2280000000000004
1.2720000000000005
1.3160000000000005
1.3600000000000005
1.4040000000000006
1.4480000000000006
1.4920000000000007
1.5360000000000007
1.5800000000000007
1.6240000000000008
1.6680000000000008
1.7120000000000009
1.756000000000001
1.800000000000001
1.844000000000001
1.888000000000001
1.932000000000001
1.976000000000001
2.020000000000001
2.064000000000001
2.108000000000001
2.152000000000001
2.196000000000001
2.240000000000001
2.284000000000001
2.328000000000001
2.372000000000001
2.4160000000000013
2.4600000000000013
2.5040000000000013
2.5480000000000014
2.5920000000000014
2.6360000000000015
2.6800000000000015
2.7240000000000015
2.7680000000000016
2.8120000000000016
2.8560000000000016
2.9000000000000017
2.9440000000000017
2.9880000000000018
3.032000000000002
3.076000000000002
3.120000000000002
3.164000000000002
3.208000000000002
3.252000000000002
3.296000000000002
3.340000000000002
3.384000000000002
3.428000000000002
3.472000000000002
3.5160000000000022
3.5600000000000023
3.6040000000000023
3.6480000000000024
3.6920000000000024
3.7360000000000024
3.7800000000000025
3.8240000000000025
3.8680000000000025
3.9120000000000026
3.9560000000000026
4.000000000000003
4.044000000000002
4.088000000000002
4.1320000000000014
4.176000000000001
4.220000000000001
4.264
4.308
4.351999999999999
4.395999999999999
4.439999999999999
4.483999999999998
4.527999999999998
4.571999999999997
4.615999999999997
4.659999999999997
4.703999999999996
4.747999999999996
4.791999999999995
4.835999999999995
4.879999999999995
4.923999999999994
4.967999999999994
5.011999999999993
5.055999999999993
5.0999999999999925
5.143999999999992
5.183999999999992
5.215999999999992
5.231999999999992
5.247999999999992
5.259999999999992
5.271999999999991
5.283999999999991
5.2959999999999905
5.30799999999999
5.31999999999999
5.331999999999989
5.343999999999989
5.355999999999988
5.367999999999988
5.3799999999999875
5.391999999999987
5.403999999999987
5.415999999999986
5.427999999999986
5.439999999999985
5.451999999999985
5.463999999999984
5.475999999999984
5.487999999999984
5.499999999999983
5.511999999999983
5.523999999999982
5.535999999999982
5.547999999999981
5.559999999999981
5.5719999999999805
5.58399999999998
5.59599999999998
5.607999999999979
5.619999999999979
5.631999999999978
5.643999999999978
5.6559999999999775
5.667999999999977
5.679999999999977
5.691999999999976
5.703999999999976
5.715999999999975
5.727999999999975
5.7399999999999745
5.751999999999974
5.763999999999974
5.775999999999973
5.787999999999973
5.799999999999972
5.811999999999972
5.823999999999971
5.835999999999971
5.8479999999999706
5.85999999999997
5.87199999999997
5.883999999999969
5.895999999999969
5.907999999999968
5.919999999999968
5.9319999999999675
5.943999999999967
5.943999999999967
5.943999999999967
5.943999999999967
5.943999999999967
5.943999999999967
5.943999999999967
5.943999999999967
5.943999999999967
5.943999999999967
5.943999999999967
5.943999999999967
5.943999999999967
5.943999999999967
5.943999999999967
5.943999999999967
5.943999999999967
5.943999999999967
5.943999999999967
5.943999999999967
5.943999999999967
5.943999999999967
5.943999999999967
5.943999999999967
5.943999999999967
5.943999999999967
5.943999999999967
5.943999999999967
5.943999999999967
5.943999999999967
5.943999999999967
5.943999999999967
5.943999999999967
5.943999999999967
5.943999999999967
5.943999999999967
5.943999999999967
5.943999999999967
5.943999999999967
5.943999999999967
5.943999999999967
5.943999999999967
5.943999999999967
5.943999999999967
5.943999999999967
5.943999999999967
5.943999999999967
5.943999999999967
5.943999999999967
5.943999999999967
5.943999999999967
5.943999999999967
5.943999999999967
5.943999999999967
5.943999999999967
5.943999999999967
5.943999999999967
5.943999999999967
5.943999999999967
5.943999999999967
5.943999999999967
5.943999999999967
5.943999999999967
5.943999999999967
5.943999999999967
5.943999999999967
5.943999999999967
5.943999999999967
5.943999999999967
5.943999999999967
5.943999999999967
5.943999999999967
5.943999999999967
5.943999999999967
5.943999999999967
5.943999999999967
5.943999999999967
5.943999999999967
5.943999999999967
5.943999999999967
5.943999999999967
5.943999999999967
5.943999999999967
5.943999999999967
5.943999999999967
5.943999999999967
5.943999999999967
5.943999999999967
5.943999999999967
5.943999999999967
5.943999999999967
5.943999999999967
5.943999999999967
5.943999999999967
5.943999999999967
5.943999999999967
5.943999999999967
5.943999999999967
5.943999999999967
5.943999999999967
5.943999999999967
5.943999999999967
5.943999999999967
5.943999999999967
5.943999999999967
5.943999999999967
5.943999999999967
5.943999999999967
5.943999999999967
5.943999999999967
5.943999999999967
5.943999999999967
5.943999999999967
5.943999999999967
5.943999999999967
5.943999999999967
5.943999999999967
5.943999999999967
5.943999999999967
5.943999999999967
5.943999999999967
5.943999999999967
5.943999999999967
5.943999999999967
5.943999999999967
5.943999999999967
5.943999999999967
5.943999999999967
5.943999999999967
5.943999999999967
5.943999999999967
5.943999999999967
5.943999999999967
5.943999999999967
5.943999999999967
5.943999999999967
5.943999999999967
5.943999999999967
5.943999999999967
5.943999999999967
5.943999999999967
5.943999999999967
5.943999999999967
5.943999999999967
5.943999999999967
5.943999999999967
5.943999999999967
5.943999999999967
5.943999999999967
5.943999999999967
5.943999999999967
5.943999999999967
5.943999999999967
5.943999999999967
5.943999999999967
5.943999999999967
5.943999999999967
5.943999999999967
5.943999999999967
5.943999999999967
5.943999999999967
5.943999999999967
5.943999999999967
5.943999999999967
5.943999999999967
5.943999999999967
5.943999999999967
5.943999999999967
5.943999999999967
5.943999999999967
5.943999999999967
5.943999999999967
5.943999999999967
5.943999999999967
5.943999999999967
5.943999999999967
5.943999999999967
5.943999999999967
5.943999999999967
5.943999999999967
5.943999999999967
5.943999999999967
5.943999999999967
5.943999999999967
5.943999999999967
5.943999999999967
5.943999999999967
5.943999999999967
5.943999999999967
5.943999999999967
5.943999999999967
5.943999999999967
5.943999999999967
5.943999999999967
5.943999999999967
5.943999999999967
5.943999999999967
5.943999999999967
5.943999999999967
5.943999999999967
5.943999999999967
5.943999999999967
5.943999999999967
5.943999999999967
5.943999999999967
5.943999999999967
5.943999999999967
5.943999999999967
5.943999999999967
5.943999999999967
5.943999999999967
5.943999999999967
5.943999999999967
5.943999999999967
5.943999999999967
5.943999999999967
5.943999999999967
5.943999999999967
5.943999999999967
5.943999999999967
5.943999999999967
5.943999999999967
5.943999999999967
5.943999999999967
5.943999999999967
5.943999999999967
5.943999999999967
5.943999999999967
5.943999999999967
5.943999999999967
5.943999999999967
5.943999999999967
5.943999999999967
5.943999999999967
5.943999999999967
5.943999999999967
5.943999999999967
5.943999999999967
5.943999999999967
5.943999999999967
5.943999999999967
5.943999999999967
5.943999999999967
5.943999999999967
5.943999999999967
5.943999999999967
5.943999999999967
5.943999999999967
5.943999999999967
5.943999999999967
5.943999999999967
5.943999999999967
5.943999999999967
5.943999999999967
5.943999999999967
5.943999999999967
5.943999999999967
5.943999999999967
5.943999999999967
5.943999999999967
5.943999999999967
5.943999999999967
5.943999999999967
5.943999999999967
5.943999999999967
5.943999999999967
5.943999999999967
5.943999999999967
5.943999999999967
5.943999999999967
5.943999999999967
5.943999999999967
5.943999999999967
5.943999999999967
5.943999999999967
5.943999999999967
5.943999999999967
5.943999999999967
5.943999999999967
5.943999999999967
5.943999999999967
5.943999999999967
5.943999999999967
5.943999999999967
5.943999999999967
5.943999999999967
5.943999999999967
5.943999999999967
5.943999999999967
5.943999999999967
5.943999999999967
5.943999999999967
5.943999999999967
5.943999999999967
5.943999999999967
5.943999999999967
5.943999999999967
5.943999999999967
5.943999999999967
5.943999999999967
5.943999999999967
5.943999999999967
5.943999999999967
5.943999999999967
5.943999999999967
5.943999999999967
5.943999999999967
5.943999999999967
5.943999999999967
5.943999999999967
5.943999999999967
5.943999999999967
5.943999999999967
5.943999999999967
5.943999999999967
5.943999999999967
5.943999999999967
5.943999999999967
5.943999999999967
5.943999999999967
5.943999999999967
5.943999999999967
5.943999999999967
5.943999999999967
5.943999999999967
5.943999999999967
5.943999999999967
5.943999999999967
5.943999999999967
5.943999999999967
5.943999999999967
5.943999999999967
5.943999999999967
5.943999999999967
5.943999999999967
5.943999999999967
5.943999999999967
5.943999999999967
5.943999999999967
5.943999999999967
5.943999999999967
5.943999999999967
5.943999999999967
5.943999999999967
5.943999999999967
5.943999999999967
5.943999999999967
5.943999999999967
5.943999999999967
5.943999999999967
5.943999999999967
5.943999999999967
5.943999999999967
5.943999999999967
5.943999999999967
5.943999999999967
5.943999999999967
5.943999999999967
5.943999999999967
5.943999999999967
5.943999999999967
5.943999999999967
5.943999999999967
5.943999999999967
5.943999999999967
5.943999999999967
5.943999999999967
5.943999999999967
5.943999999999967
5.943999999999967
5.943999999999967
5.943999999999967
5.943999999999967
5.943999999999967
5.943999999999967
5.943999999999967
5.943999999999967
5.943999999999967
5.943999999999967
5.943999999999967
5.943999999999967
5.943999999999967
5.943999999999967
5.943999999999967
5.943999999999967
5.943999999999967
5.943999999999967
5.943999999999967
5.943999999999967
5.943999999999967
5.943999999999967
5.943999999999967
5.943999999999967
5.943999999999967
5.943999999999967
5.943999999999967
5.943999999999967
5.943999999999967
5.943999999999967
5.943999999999967
5.943999999999967
5.943999999999967
5.943999999999967
5.943999999999967
5.943999999999967
5.943999999999967
5.943999999999967
5.943999999999967
5.943999999999967
5.943999999999967
5.943999999999967
5.943999999999967
5.943999999999967
5.943999999999967
5.943999999999967
5.943999999999967
5.943999999999967
5.943999999999967
5.943999999999967
5.943999999999967
5.943999999999967
5.943999999999967
5.943999999999967
5.943999999999967
5.943999999999967
5.943999999999967
5.943999999999967
5.943999999999967
5.943999999999967
5.943999999999967
5.943999999999967
5.943999999999967
5.943999999999967
5.943999999999967
5.943999999999967
5.943999999999967
5.943999999999967
5.943999999999967
5.943999999999967
5.943999999999967
5.943999999999967
5.943999999999967
5.943999999999967
5.943999999999967
5.943999999999967
5.943999999999967
5.943999999999967
5.943999999999967
5.943999999999967
5.943999999999967
5.943999999999967
5.943999999999967
5.943999999999967
5.943999999999967
5.943999999999967
5.943999999999967
5.943999999999967
5.943999999999967
5.943999999999967
5.943999999999967
5.943999999999967
5.943999999999967
5.943999999999967
5.943999999999967
5.943999999999967
5.943999999999967
5.943999999999967
5.943999999999967
5.943999999999967
5.943999999999967
5.943999999999967
5.943999999999967
5.943999999999967
5.943999999999967
5.943999999999967
5.943999999999967
5.943999999999967
5.943999999999967
5.943999999999967
5.943999999999967
5.943999999999967
5.943999999999967
5.943999999999967
5.943999999999967
5.943999999999967
5.943999999999967
5.943999999999967
5.943999999999967
5.943999999999967
5.943999999999967
5.943999999999967
5.943999999999967
5.943999999999967
5.943999999999967
5.943999999999967
5.943999999999967
5.943999999999967
5.943999999999967
5.943999999999967
5.943999999999967
5.943999999999967
5.943999999999967
5.943999999999967
5.943999999999967
5.943999999999967
5.943999999999967
5.943999999999967
5.943999999999967
5.943999999999967
5.943999999999967
5.943999999999967
5.943999999999967
5.943999999999967
5.943999999999967
5.943999999999967
5.943999999999967
5.943999999999967
5.943999999999967
5.943999999999967
5.943999999999967
5.943999999999967
5.943999999999967
5.943999999999967
5.943999999999967
5.943999999999967
5.943999999999967
5.943999999999967
5.943999999999967
5.943999999999967
5.943999999999967
5.943999999999967
5.943999999999967
5.943999999999967
5.943999999999967
5.943999999999967
5.943999999999967
5.943999999999967
5.943999999999967
5.943999999999967
5.943999999999967
5.943999999999967
5.943999999999967
5.943999999999967
5.943999999999967
5.943999999999967
5.943999999999967
5.943999999999967
5.943999999999967
5.943999999999967
5.943999999999967
5.943999999999967
5.943999999999967
5.943999999999967
5.943999999999967
5.943999999999967
5.943999999999967
5.943999999999967
5.943999999999967
5.943999999999967
5.943999999999967
5.943999999999967
5.943999999999967
5.943999999999967
5.943999999999967
5.943999999999967
5.943999999999967
5.943999999999967
5.943999999999967
5.943999999999967
5.943999999999967
5.943999999999967
5.943999999999967
5.943999999999967
5.943999999999967
5.943999999999967
5.943999999999967
5.943999999999967
5.943999999999967
5.943999999999967
5.943999999999967
5.943999999999967
5.943999999999967
5.943999999999967
5.943999999999967
5.943999999999967
5.943999999999967
5.943999999999967
5.943999999999967
5.943999999999967
5.943999999999967
5.943999999999967
5.943999999999967
5.943999999999967
5.943999999999967
5.943999999999967
5.943999999999967
5.943999999999967
5.943999999999967
5.943999999999967
5.943999999999967
5.943999999999967
5.943999999999967
5.943999999999967
5.943999999999967
5.943999999999967
5.943999999999967
5.943999999999967
5.943999999999967
5.943999999999967
5.943999999999967
5.943999999999967
5.943999999999967
5.943999999999967
5.943999999999967
5.943999999999967
5.943999999999967
5.943999999999967
5.943999999999967
5.943999999999967
5.943999999999967
5.943999999999967
5.943999999999967
5.943999999999967
5.943999999999967
5.943999999999967
5.943999999999967
5.943999999999967
5.943999999999967
5.943999999999967
5.943999999999967
5.943999999999967
5.943999999999967
5.943999999999967
5.943999999999967
5.943999999999967
5.943999999999967
5.943999999999967
5.943999999999967
5.943999999999967
5.943999999999967
5.943999999999967
5.943999999999967
5.943999999999967
5.943999999999967
5.943999999999967
5.943999999999967
5.943999999999967
5.943999999999967
5.943999999999967
5.943999999999967
5.943999999999967
5.943999999999967
5.943999999999967
5.943999999999967
5.943999999999967
5.943999999999967
5.943999999999967
5.943999999999967
5.943999999999967
5.943999999999967
5.943999999999967
5.943999999999967
5.943999999999967
5.943999999999967
5.943999999999967
5.943999999999967
5.943999999999967
5.943999999999967
5.943999999999967
5.943999999999967
5.943999999999967
5.943999999999967
5.943999999999967
5.943999999999967
5.943999999999967
5.943999999999967
5.943999999999967
5.943999999999967
5.943999999999967
5.943999999999967
5.943999999999967
5.943999999999967
5.943999999999967
5.943999999999967
5.943999999999967
5.943999999999967
5.943999999999967
5.943999999999967
5.943999999999967
5.943999999999967
5.943999999999967
5.943999999999967
5.943999999999967
5.943999999999967
5.943999999999967
5.943999999999967
5.943999999999967
5.943999999999967
5.943999999999967
5.943999999999967
5.943999999999967
5.943999999999967
