0.0038979996736976134
0
0
0
0
0
0
0
0
0
0
0
0
0
0
0
0
0
0
0
0
0
0
0
0
0
0
0
0
0
0
0
0
0
0
0
0
0
0
0
0
0
0
0
0
0
0
0
0
0
0.00220483835499458
-0.008133785417683994
-0.00043589090413203267
0.004047028944997795
0.0022261506742475945
0.006539567437843813
0.007076494964146106
0.01447833516987596
0.025317326335187507
0.022737456591517283
0.015648066161119877
0.01739029258354914
0.005399232677520703
0.0012873145684049346
-0.0014140272458716303
0.0002524389829450307
-0.000475797065148273
-0.0013412027966210206
-0.004236308983222366
-0.007720638814428202
-0.010337753484733727
-0.004810281763943943
-0.004646276068733263
-0.007731323796418499
-0.011108383363713052
-0.008933971015392499
-0.01378147880855975
-0.022750203519343957
-0.02069393358077458
-0.02430088648710998
-0.03059746197659758
-0.02421682205483946
-0.017698452658846037
-0.01698306246474385
-0.01634372828468118
-0.02322600604777382
-0.023455487696287216
-0.023767960692727463
-0.025106334528621405
-0.02952887791472448
-0.021917130012994192
-0.020462851699921424
-0.01814864036109528
-0.02382277952459722
-0.023529581962133617
-0.02965444414458525
-0.02452887848948879
-0.02969748165414885
-0.028829169136586424
-0.02924093723606224
-0.03506934363399525
-0.038536393437743545
-0.04291705569806497
-0.04305233336781302
-0.04513351872545748
-0.046730372139450145
-0.04656027779855178
-0.04057473038705323
-0.037752776061197126
-0.03710547692776839
-0.029294726888652988
-0.03077887631074343
-0.03238826405483204
-0.02725681944621698
-0.02586533725850415
-0.029694288007282264
-0.03259125154944609
-0.035345617280044025
-0.03809982070105437
-0.04003445010079892
-0.03590446491881787
-0.029201904715947056
-0.03363080297257237
-0.02899047369730235
-0.03385044676339335
-0.036325533143917704
-0.033147374730867
-0.03499748560465357
-0.031034568892614713
-0.03579634217370771
-0.03628955826457602
-0.03461784467637964
-0.033146441430474224
-0.0296188395406908
-0.029353220386953423
-0.027895045162265573
-0.024709767977279848
-0.02366683472262456
-0.02339960675623067
-0.02503509329325705
-0.025212540761121165
-0.028704388340688558
-0.02548947520416631
-0.022422216694151065
-0.03142720194757992
-0.035589639550416136
-0.03841230877411969
-0.033589105684322135
-0.028833055920588338
-0.02589766892064693
-0.02026238325027981
-0.02059090571618861
-0.02295837209703426
-0.018634812261469767
-0.021496985884812445
-0.021984841835736922
-0.02239222936911793
-0.020876899004392636
-0.023431951965806053
-0.018184536795189537
-0.015804765008455735
-0.015985501838999987
-0.013322421306031982
-0.021862333092116507
-0.024659100661113563
-0.03221645175783189
-0.030796092226448888
-0.02282275671109159
-0.02532040948749319
-0.028694845986446827
-0.031574235661655424
-0.030694409923492774
-0.03035100303853623
-0.028543719215346836
-0.03829233274506593
-0.0414509957940889
-0.0372386643662717
-0.03599637464836813
-0.04289460573923356
-0.04256890731329894
-0.04107107736001356
-0.039585956594377796
-0.037431313380759376
-0.0357338135479816
-0.030820093973683235
-0.028204896634600587
-0.03226625961301773
-0.028278712909206846
-0.028672206858974737
-0.021606722363303934
-0.020933417179475573
-0.022898692177247257
-0.02235158095595905
-0.027852508566479972
-0.030055268336377564
-0.024092838797781527
-0.022810591909110087
-0.025771059924209784
-0.024563653656731254
-0.028188437516697088
-0.0279402409457926
-0.030810876427091283
-0.03136778690003056
-0.03308905134466955
-0.03708767450728494
-0.03930049220135266
-0.04437358762222876
-0.03922926289943462
-0.038001142968696666
-0.04036897227995283
-0.0351778445214449
-0.03652891433090941
-0.0442417698266813
-0.05009003123378861
-0.04978344629075271
-0.050268379579082464
-0.049010569974372024
-0.04669257584161984
-0.04389542517629123
-0.048281563937339
-0.050443736426153
-0.05193017516507185
-0.055488483664253255
-0.04902927321429679
-0.051114243724930404
-0.0513444137518614
-0.05112697127152827
-0.04802038443774867
-0.04516152333715806
-0.04536671666623732
-0.04831608937872474
-0.050330202086286004
-0.046801948866914134
-0.04002516833937573
-0.035818117016662016
-0.042520177608005284
-0.03945659775841738
-0.038188112527796324
-0.03998944328519706
-0.04123667922891046
-0.04302685937686682
-0.04347366355242059
-0.044654318348147364
-0.03627200669059235
-0.03748522377655659
-0.03462276316075396
-0.03477790521520101
-0.034758303213586805
-0.034601214498716254
-0.04039929952608265
-0.04003128365351625
-0.038122900334137864
-0.04061466709627547
-0.044239271854403246
-0.04809829735120629
-0.04558609650971856
-0.05104885256322427
-0.04559041198934642
-0.04567943842932565
-0.04117848460705562
-0.03582552953764638
-0.04205448702522647
-0.044341067805845014
-0.043878355119347
-0.04310429822361685
-0.04312152971226783
-0.044673475787512525
-0.04247652715950256
-0.04929503810146653
-0.04729521757087708
-0.040758728703179856
-0.044838540938299636
-0.04781272444421641
-0.04738963909591046
-0.04809409571548296
-0.049131731999433485
-0.04342631789668421
-0.04435601230313441
-0.04449815216407875
-0.04186926349679366
-0.033119933086519046
-0.04030309258635906
-0.04175812548062966
-0.04480613517183734
-0.04079368035359854
-0.04093687845848932
-0.03832789069055218
-0.039016928758832566
-0.03647797117591266
-0.03398660232123533
-0.0359418145755699
-0.04084249633412093
-0.0419099245971696
-0.04156793331973478
-0.04474593522878205
-0.03913026091395048
-0.037027762252014
-0.038652340904778336
-0.038196406191220805
-0.03602321171878209
-0.03238583732391161
-0.03505983624663098
-0.037889584616331004
-0.037258629813214504
-0.0343067793134632
-0.03575687004283748
-0.03793196858377657
-0.03499403146711848
-0.04264120386214611
-0.04040869638477643
-0.04477373007692976
-0.04721904196321482
-0.04686582081818829
-0.04660749447932974
-0.04703270526753405
-0.0490730033612286
-0.05041158460478655
-0.04612362122594583
-0.041011028822895125
-0.03480096532917023
-0.03697577164125368
-0.041952285922766674
-0.039404336635957465
-0.03455989790257929
-0.028905293776606535
-0.027001468194644034
-0.027955004463250856
-0.027748988941608835
-0.025948945911181766
-0.025864178223209643
-0.020126790320626003
-0.020720999796804564
-0.020834097703756254
-0.017636019916824033
-0.016821506599452182
-0.02348077093175081
-0.02171911444832159
-0.013765439306900386
-0.007746935764535091
-0.008889849998001567
-0.0084175003435548
-0.006114193258246978
-0.0054619272378572305
-0.005675902320500229
-0.003299172437316518
-0.006998015910863378
-0.006940871012671669
-0.007330026066390148
-0.00685348835758941
-0.004659031529643119
0.004435445100220355
0.0024050195218372713
0.003617085852469118
0.007905387475343712
0.012209506882991923
0.01816595703589455
0.021450749774774465
0.01752098299816228
0.015548881236058932
0.01998141956064679
0.025860979072761255
0.02071641907136628
0.02386444016964751
0.02980694465721652
0.028220980232927916
0.025255220130530262
0.0264735950457054
0.026305299891357655
0.029834271369633295
0.03360295353863357
0.034828100847095395
0.038862856362934434
0.041556246054050325
0.04270962591709977
0.03862909526573755
0.03977126930742609
0.036582529013162224
0.041143866235101335
0.04385352636189018
0.04300338091346024
0.04061689492650589
0.04296510193577587
0.05280947594015391
0.04903602019349054
0.04993098528621645
0.04781002119923793
0.04655248887393513
0.053239548345545104
0.05674749371418321
0.06552570447211128
0.06285958206408296
0.06676586524138392
0.06504031965663412
0.06796641317761073
0.06668722598907104
0.0723928265578564
0.07071602931345429
0.07209406399766806
0.072202175578897
0.07659177266662534
0.08161544823206293
0.08192116346856652
0.08271329020351183
0.08345838044002889
0.0855692020058646
0.08278066029426001
0.08196706508764404
0.08144919922863968
0.08037994637571862
0.07582197929484458
0.07750514922111025
0.07542721254843078
0.07642673788302326
0.07443622314314718
0.07471319468903434
0.07755048522059996
0.06978747544211121
0.06595615180280211
0.06679227284797208
0.06522535566913176
0.05963734746126545
0.05455625283423015
0.06226595421308696
0.0591956277739243
0.05420342342203047
0.05371776533190729
0.060375277028373496
0.05743849176953529
0.052110735996729766
0.05224158734334173
0.05223423235299639
0.05489018406846311
0.057886630568473096
0.06523973483752404
0.06560544116506324
0.06671704285212102
0.06691098595519955
0.07202239258154983
0.07002981726961319
0.07407163930673424
0.08078940563641743
0.07787735707262507
0.07662143364102939
0.07266255709447432
0.07162648986891901
0.07771345073936575
0.07762989759788479
0.07607689770003333
0.07748615243630655
0.0751837206246941
0.06434635542355896
0.05477266675884193
0.05540730597468765
0.048414831877887615
0.047057171987606415
0.05137038850888231
0.053935146132730066
0.048167327020564095
0.04808410243558328
0.05195103044482279
0.04488070183048205
0.04064601919501141
0.04099190300013292
0.04085569618763339
0.03474509476826906
0.031475016823822435
0.024432302433534503
0.0167648233756448
0.018218980188708277
0.016468818816270273
0.01271128537753036
0.00858474846151896
0.01106668378808577
0.009898273176397784
0.010134309242284999
0.01144346942535716
0.010973806965767455
0.010269758706797496
0.017535363757585576
0.020333773862690273
0.025287061915423667
0.029765952501215158
0.028546057876454416
0.027345195561113488
0.027375919722472643
0.03297324154329325
0.03615979030498812
0.04376827434559903
0.04466417157422569
0.03914549004387354
0.037685860056606436
0.043717716010572075
0.04350723216977193
0.04226476320284762
0.03518110066046788
0.03496263726717027
0.034694458277213895
0.03485215826167653
0.03462919706246942
0.03414132247607
0.033600390699956274
0.029828131750470065
0.035412070113638755
0.03656036238479054
0.03879030945016646
0.037346606638561056
0.03530163817982287
0.031793311250696885
0.02215393299281375
0.02288088094038518
0.018944827309000795
0.019796551449407195
0.011101164231757268
0.015994820048418203
0.01813670764475799
0.01954746517600841
0.020135728045402018
0.028675661157438984
0.022465181488785374
0.015940907548301284
0.015590656366372307
0.013798770630954972
0.016311763318487514
0.012256998855445001
0.013361487197199184
0.013899881119851043
0.011394077213623042
0.01879459071839676
0.02250673133504785
0.021903270161663803
0.02721916811417191
0.03051738331756139
0.031174967302240265
0.02746684736587313
0.03532166690948442
0.03248282310444627
0.031202419461729247
0.024069040994686597
0.028429592024986645
0.029677849348920697
0.03059307083535692
0.028433345126146616
0.01950754282108027
0.022280911069523138
0.022295321839251116
0.023302054868461555
0.022653846923408195
0.028704805066598643
0.02293205648347548
0.030350683708161522
0.03325498780862141
0.02778035599095118
0.017296957060078652
0.021464950292177706
0.015890645648113304
0.00960262336175804
0.01059452197464583
0.009991831166114082
0.006774784963908639
0.010727664325899396
0.007747289652782183
0.008255042163995176
0.011655432616303356
0.02090863109005263
0.020581899091662005
0.02260200794142468
0.02741391216270077
0.020082887403307464
0.02323577266083389
0.022045594354358027
0.02152599998982446
0.020142708292820416
0.015296543545080532
0.015938267591903338
0.01345873655362139
0.018140863824868562
0.02096042098809363
0.026208361838159035
0.023044796672029858
0.027822745039041922
0.028285543613582705
0.021829459082535276
0.02713246434539693
0.029424448290214688
0.023708473746737693
0.025068450161497478
0.03266400930929963
0.03484538330685446
0.029664332903937846
0.03159802732964986
0.026904026146972862
0.026383726335129788
0.031880615889168414
0.028020813991894253
0.030973698599168424
0.029570687742544562
0.031016859749871287
0.027998529973429425
0.026652304123292152
0.027777845947934848
0.02636508296500718
0.028284819053444255
0.030137088004621018
0.03336765464610192
0.0365895517106418
0.030353880851356416
0.03264150160272617
0.03983158086592394
0.03963760990134486
0.037318168704990516
0.039885526708903475
0.04299608305341722
0.039177719012265744
0.03269521516074744
0.01938272316379537
0.022074621065442373
0.023576175815036935
0.022817598996508863
0.019836496159587755
0.023066177087683774
0.027460935943473038
0.032787713674272245
0.03566686962226623
0.038788448159935006
0.03964528229027809
0.034706057162197386
0.029874876766279944
0.02871357351409494
0.03159394111608131
0.032023139698375634
0.032025642904209034
0.03610797899232168
0.02890359953787591
0.02492344523687634
0.02107458042419662
0.023004668866843967
0.01637797513941328
0.015974738209134337
0.015260099251670888
0.01742785584054441
0.021883130397474096
0.018785624491073433
0.02048859861678578
0.018317234489707953
0.015012828633429901
0.009200306324683747
0.007666208109304762
0.00865910296328231
0.012036208871041176
0.014272959346764636
0.013500773020576824
0.011442545488237713
0.010858282833026485
0.007644021495129582
0.0019306705030406705
0.0062605521751335465
0.010582346190469407
0.010402897997004359
0.007273648799225634
0.00611015868440184
0.004605243440534177
0.000876801841646813
0.0031306032568488543
0.006404842816217722
0.015997404136971254
0.016855149425454075
0.018893924482736232
0.01662842419789018
0.028040296843085594
0.027921556439731432
0.02416351773103162
0.027388742777335905
0.025876024559431814
0.02428374424162917
0.025424769540825565
0.025150050878631515
0.02537814321142428
0.025045022190204894
0.02320633592627553
0.03137383600965077
0.026105749674950447
0.027671754027271747
0.02477947038058565
0.02576178260672279
0.027053311868456508
0.032581771484057755
0.034267375294929694
0.032710535769301184
0.029384252939599453
0.029480821224994923
0.03012718622229709
0.025269331774802537
0.024460469258431802
0.019781590975939768
0.02052346271503613
0.027841572459065236
0.0243439904527453
0.027455786155527045
0.028674044329962955
0.0338736784768469
0.02643549873036788
0.02190664101210797
0.02093085982541896
0.024217911577468505
0.01868345628321859
0.014672438579986385
0.017055330244659214
0.024599595462797816
0.028980224561897378
0.03643987279730075
0.033530660792151556
0.037769144121320215
0.035973398311993345
0.031141569142065697
0.03516156895516464
0.033879343728171966
0.03462203364640941
0.04171966827998452
0.04741312813796452
0.05251322813518206
0.049767041960698734
0.045247523440500086
0.044868896057219394
0.04516610836297053
0.04429235441403119
0.05162064595933437
0.05193810862956194
0.04657691700044811
0.0451120077505574
0.051977613344528974
0.048828730726333605
0.04144667834042131
0.03832355622020061
0.041833731045127644
0.0425565567403027
0.0436196455547499
0.04540191185600071
0.041853364041922775
0.04748099804375244
0.04349322308231491
0.043865686356084274
0.04540837148578351
0.04654637850328939
0.04939638084322548
0.046869785006580414
0.043502568540753586
0.0394085992802028
0.03808142056015719
0.042464752789893125
0.04692460635732227
0.04373847665926214
0.04214615384726686
0.04338791844346932
0.045286025660162224
0.04359701551284974
0.0406778138374062
0.041680874205811125
0.0359881430802167
0.04027918524240051
0.04122267231089528
0.047191339702771444
0.045275370971517646
0.04783439476721025
0.04423866132413559
0.044390214651548854
0.048685192197462035
0.04948239863773064
0.05122453380428741
0.05932915779800535
0.05749862273988885
0.0560550587305751
0.062105885525432045
0.060023767196812065
0.06157488195364782
0.06426776279635746
0.06056543906611851
0.06362457529744227
0.06738828715630535
0.06603131530287107
0.06436901142120273
0.06135005837369528
0.06631019759130369
0.07081235554740176
0.06702391723571621
0.06139861845340219
0.06056988442414364
0.06847624744182423
0.0688902025046652
0.07402767370791813
0.07696734256436219
0.07732883822633436
0.0804797843051151
0.07956327390643285
0.07934004193624093
0.08496803868130012
0.09086600751741382
0.0896279554528764
0.08846883712197537
0.08804318277460108
0.08979040090970193
0.09268466315969663
0.0895941637113226
0.09296989226557612
0.09405290316362334
0.09323881376702575
0.09829387653425709
0.09643603612632695
0.08846875557241764
0.09370155455704576
0.09166377838428783
0.09309893176985408
0.08741031052282287
0.09584763129368865
0.09456231775296312
0.0934167472259977
0.10210811569320064
0.10000607961096239
0.09514716014009147
0.09033499538112752
0.08685246253845322
0.0826445623032195
0.08017360982699642
0.08922906998884883
0.09601468039828552
0.09837182260294429
0.09497010601581651
0.09976449599208724
0.10685444581206097
0.10605742205166915
0.10732629583601667
0.11436955682434612
0.11327990531197644
0.11653848655263198
0.12248808110314516
0.12345025317569248
0.1246554970297179
0.11996938277514008
0.11965520684821064
0.12472159356495385
0.12786943761909736
0.126291777233303
0.12952094119373614
0.13073695598624152
0.1356395941550205
0.12930977078122025
0.13216700983959823
0.12656215300724585
0.12276837551459509
0.1200571654932548
0.12240324309730596
0.11950351559485264
0.11911477890490599
0.11866102364952127
0.12608684788632885
0.13001716154039028
0.13548655893579706
0.13260612845636188
0.13513722947004916
0.14207945970253916
0.13722357673016297
0.13248432422159578
0.1347248680534927
0.1337299993105081
0.13175130760213596
0.1363886799456239
0.14241546630358598
0.1358278761173452
0.13132204431897762
0.12992871853056812
0.12796125662146296
0.12796318739552998
0.13166070925872472
0.1285586705728505
0.12069403704248519
0.1140758307214527
0.10864400325692936
0.10297022055393386
0.10233312156070871
0.09281902355310216
0.09271563450660456
0.08986201140508498
0.09185641521680019
0.09291938609089445
0.09322782755570373
0.09364612853832252
0.09483146301592116
0.09128501089017738
0.09414968464173733
0.09432798337074458
0.09099977084077585
0.08651983155771586
0.08386727330530351
0.0834121135415983
0.08140899413316413
0.0814394685912692
0.0843146760767801
0.09334225471010645
0.0953072896753758
0.09332440327368224
0.09670629520890224
0.09657657184499487
0.09605489789858918
0.09590509593743725
0.09702762726866582
0.09716073005761032
0.08717324711904338
0.09513835780368772
0.0986791885242743
0.10015779852742303
0.0999375289829928
0.0966491336082325
0.09341206265772531
0.0939318222334945
0.09111532066284721
0.08437881627782465
0.085703090565436
0.09103577114159019
0.09160068918245337
0.08989605162130077
0.0863240716159076
0.08511930358347165
0.08397636000052687
0.08639844321597494
0.09605862508723191
0.09494146621064987
0.09527171953735353
0.0896558241219306
0.08281725937354366
0.08031115076380185
0.08247922004079923
0.08077908186504124
0.07539838202386384
0.07723413361248203
0.0747670418300407
0.07654589985642468
0.07239446342203582
0.0759710315966541
0.07122011534764723
0.07251000636670484
0.0727525212566216
0.07129212212251979
0.06956839273503344
0.06707416226565352
0.067807510314184
0.06430385521943122
0.06442485945811413
0.06584701399955958
0.07180065984976637
0.06866752807126708
0.07186974534597527
0.07252167281957524
0.07373255165209522
0.07515357914013406
0.07460089328937505
0.08027557438728464
0.0778880877094724
0.08262620731393083
0.08819950589056683
0.08210136049849089
0.09049258050676502
0.09790686882829067
0.09250466275669086
0.09006833723200408
0.08876903510282709
0.08773171415564876
0.08814248081929241
0.08770023504498832
0.08819928363792855
0.09156831783534572
0.09420519561859837
0.0950790958248018
0.0949896145893783
0.10024504053865474
0.0939954938836175
0.09515561488257902
0.0930246770728671
0.08556555653511064
0.08963241453586875
0.08182855197065389
0.08333210005714925
0.08834921034728127
0.09293411133406897
0.08315516161797532
0.08314570692153748
0.08316061217279251
0.08334747185787837
0.07819498254315566
0.07947184290596178
0.07986074157877944
0.08076337338922832
0.0875687749994831
0.09108743152462889
0.09411550834772037
0.09095878993302482
0.08051475140229536
0.08481634999859743
0.08387419247206229
0.08716967627278603
0.08981727977305641
0.08967547703387432
0.09008663007377092
0.08959232953194934
0.08847649836641946
0.09657842144834994
0.09100186021292543
0.09398629551322536
0.09464779705766686
0.09236225753375304
0.09396518697527195
0.1005793460790223
0.09745276468587737
0.09051455641475226
0.08367899231792425
0.08671901252785373
0.08198634962709957
0.08097565862754802
0.0836238457640795
0.08799398863126834
0.08861593479344194
0.09125897504529085
0.09729464583792578
0.10234073886101773
0.10199485779711996
0.10226325609069276
0.10467053197160826
0.09860407007286913
0.09565217159828171
0.09284103875638199
0.09484574110470032
0.09421523124968359
0.09941041452200955
0.09262155961979252
0.09505436887406588
0.08964732642247158
0.08633077976136004
0.08296666671004159
0.07529902559748797
0.07269618228486613
0.0714458405483887
0.0771757248570075
0.07437537361698832
0.07854928382565722
0.07215013952513769
0.06960940615188219
0.06873788612125437
0.07840772888455641
0.07750790568260849
0.07568017806026568
0.07809823410727021
0.08466412930914678
0.08399660946657451
0.08335962479482581
0.07635587743521978
0.08099709160158318
0.07982754400868351
0.07793430342434089
0.08671046111847701
0.08906088771766774
0.09106830302410997
0.08907382362635567
0.08405699247605594
0.08569667285346189
0.08570105444563325
0.08264203635989568
0.08317288046698626
0.08720237313126254
0.08313267396069013
0.08663363199853297
0.08311872870983898
0.0840329872583183
0.08443696923457547
0.08264331678863569
0.0846265632322812
0.08645750609951845
0.08206422358731649
0.0788996849348381
0.0768848885930181
0.07153497355091512
0.06881122848985997
0.06995527766088853
0.07206420926674588
0.07497644385863161
0.07395928638039306
0.07887562647539535
0.0783447571990247
0.07830371086018476
0.07883545177948098
0.0743994123204508
0.07295000589486712
0.07312895215757267
0.06654435650454542
0.06516970273827381
0.06096136768512225
0.06603078458751362
0.07360243112132511
0.07102379838395347
0.06677332836212631
0.062442617124523744
0.06549503489089838
0.06995650718875648
0.0774029409579565
0.0745994300483775
0.07556808931381877
0.07383738137092447
0.07492637104978304
0.07403283761849447
0.0678679245480584
0.07039275207598475
0.07367208380317683
0.07459054048150668
0.07512278001813814
0.07066941522236785
0.07109674538589789
0.07142497509126011
0.0717569942155739
0.06531143005649222
0.06302384795003456
0.06205755538834628
0.0554172351472212
0.05337117821787243
0.060769491066260825
0.062587884947088
0.05662394122648361
0.06145985504087956
0.05776608641113787
0.060238606188742244
0.060982259134210695
0.053938099314117034
0.05401910682680083
0.04864040546510012
0.04533252284152055
0.0493480571039237
0.04744980836539778
0.05061029962887352
0.052282823469318195
0.052291133255373
0.055213095026592156
0.05264630966747203
0.05776796880632213
0.049008410037907804
0.048804365085070016
0.04620459702717565
0.05089685202821554
0.04834892335548253
0.04614319939191457
0.04964022334983939
0.05329869193800109
0.05512397734612392
0.05351923315073872
0.04629633763958604
0.047640383583446085
0.046340453738898675
0.05166866112850461
0.0538300610282207
0.052033523350217326
0.051505379372484394
0.050536155009446866
0.05042656773214246
0.05438866134948108
0.0449764395095635
0.04408762881708974
0.054156805054789904
0.05769803732252831
0.06346631812368426
0.05354121605442634
0.06622294034049941
0.06184117196314656
0.05894732239561356
0.05931072637593073
0.06003962703746005
0.06025611801506281
0.058444204985790636
0.06491163539158293
0.06550482422640344
0.07255374067012303
0.06953348032115735
0.06552488426376081
0.06128957795217212
0.06186122437524356
0.06396722563425121
0.06314924514000843
0.06791781952448171
0.06864089644940874
0.06913892655481298
0.06875780816043953
0.06822520283905985
0.07250483172562118
0.07182653159050037
0.06920936544851489
0.06708282944464812
0.06358222732596928
0.05962765590737003
0.0571131581516424
0.05525462664798862
0.06383568521467675
0.060744305837862236
0.06688981315326477
0.06669180500220578
0.0641879318907617
0.06563140628746271
0.06265920118304541
0.06885968060149487
0.07271933698180438
0.06944068570324091
0.06514034571669645
0.07237123114421362
0.07832681790783619
0.07631429686907795
0.07611973097337957
0.07155401113001787
0.06936054656080208
0.06884870526831148
0.07054383255737562
0.07579026988803425
0.0777877058016387
0.07657997017263404
0.07163551230467602
0.07141793975646893
0.06955480802704635
0.06938101083970152
0.07501736285407386
0.0758794528269457
0.07549992941151436
0.08644677742802602
0.08244796197938187
0.08098244272518337
0.08128037647089363
0.08499781225647296
0.08688600520665371
0.08239714745646143
0.08093774966714325
0.0801151299026
0.0796522705744229
0.07654203704406853
0.06672380105477667
0.07145647367534234
0.07004460377983275
0.07132548393576667
0.07363622765216005
0.07298042430354273
0.0699166662068407
0.06492785104958382
0.06925620834816454
0.07900938819979354
0.08081297301361451
0.08083242908209719
0.08542865785789899
0.08421737303496017
0.0780453913261728
0.0834524670041563
0.08575920833602717
0.08960640965295188
0.09150913796784256
0.09178233361325752
0.09239657182737412
0.09209350700250686
0.09133895963277706
0.08829160030426689
0.08848566962015894
0.09434185580132445
0.09559452805016369
0.095222012354929
0.09664557107420103
0.10116957257973734
0.10367353361819126
0.10850849446218205
0.10883198433534257
0.11285281317974953
0.10857388110081898
0.10295274594305828
0.10716370541329667
0.10534708213792945
0.10269169429940038
0.10002469524550824
0.09869434298917856
0.09841704669805122
0.09988199109565143
0.10367481694539438
0.1050508497027677
0.1080729244053843
0.10420469593960775
0.10801083703931996
0.10937765352529924
0.110190500113089
0.10336308460158104
0.09889212109993267
0.09968154148190728
0.09660969690016555
0.09021735428966
0.08078419398062275
0.07619831562658101
0.0766001921350929
0.08019089142320339
0.08304433613163623
0.07734071153685906
0.08347604585587791
0.08449598417160613
0.0840925827690728
0.0819548298299909
0.08588914901440266
0.07788597982868398
0.07890921380962686
0.08580319851146823
0.08552880501740451
0.09075332746167061
0.10046832481336397
0.0957922670136152
0.09865532639662097
0.09437000857135028
0.08482154523120461
0.08654502217519201
0.08861851510728061
0.0899482455426126
0.08829282470025916
0.08589200894356311
0.09317586086542046
0.09017013380756711
0.09528023404610751
0.09409697946362834
0.0951381157903458
0.09649381893023362
0.091081494029384
0.09341895918806815
0.09112803934909383
0.08942626202398431
0.09106680672320051
0.08951512661200235
0.09061087217496273
0.08950839522752807
0.09466442782933361
0.08736965044192588
0.08500339181927662
0.08305542265781181
0.08453552143511026
0.08100633885019068
0.08106868229329009
0.08228161610705263
0.08834319393863166
0.08961671371538903
0.08284246615928391
0.08716151948514196
0.09000654006440922
0.08333587863818709
0.08068693855623979
0.08381275957831105
0.07074252960288512
0.07069435102909767
0.07004672404354183
0.06897985708687011
0.07114584627511514
0.07018109776660288
0.0654279047947452
0.06834126256830893
0.07218116736925886
0.07310266706676403
0.07443513885842691
0.07639600745994153
0.07371843962815733
0.06795576944557585
0.06986974929093537
0.07690879918655841
0.06874492415981658
0.06819323503714012
0.06971786565653296
0.06962468000120263
0.0710542052529707
0.06585893310560886
0.06945931278722606
0.06779334546379741
0.06274351751262475
0.06477013421756236
0.06626829493647678
0.06507227574043623
0.05866719389708535
0.05990585304938359
0.061469431066745905
0.0701410217320752
0.07042980224518801
0.07037324022016526
0.07081056408718865
0.06912730806313218
0.06737472885501113
0.06452237191070248
0.07137483742891905
0.07065371254099184
0.06747033766720552
0.06289997635293856
0.061839579716582625
0.05869481434008232
0.05943257485315578
0.06128573007106977
0.06018996423000247
0.06809160549160287
0.0675596012218728
0.06310535557225672
0.05996968085482624
0.06020364682425393
0.057610375098796
0.060482194071118135
0.07112841750929513
0.07436784538091892
0.07963987625816289
0.08094873715197079
0.0820060035178482
0.08577439265799747
0.07778365165206985
0.07828695400596825
0.07848885215341361
0.0836849459086865
0.07651601204802744
0.08216856432234285
0.08921841896587238
0.09219363870052673
0.09107703603092226
0.08965037848900877
0.08478170632550304
0.09075614802895632
0.08581311309005994
0.09036623304665509
0.09357255840565196
0.10033906368070185
0.09608846773401619
0.08571002007876721
0.08484287324482777
0.08786963239126587
0.08852594361026446
0.09166953477204418
0.08912002381317934
0.08391302263856358
0.08277058956837047
0.08959503603401416
0.08847824399893155
0.0896456036650503
0.08511992842468839
0.07667384539138357
0.07720994745259184
0.07970034028839339
0.07566640382838567
0.07995085168354175
0.08649051100014837
0.08428395089697423
0.08680249672764452
0.0859516682218096
0.08774563475341401
0.09257241510482578
0.0978386208889759
0.0910171645621993
0.09359036219910562
0.10082301329257252
0.10040974597862379
0.09969893031643222
0.10060236864796857
0.10142399984775377
0.10418659864576549
0.10395212264609062
0.10623303675411477
0.10751563751244866
0.10508964923619186
0.10183165392622957
0.10282878912593472
0.09529425449941346
0.09162826471741514
0.094114852408934
0.09252871216626939
0.09337897439937655
0.09201549652457171
0.08722927177195518
0.08418178990335576
0.07908786416801326
0.08079222316158444
0.07443968230977932
0.0782146591688675
0.08009441763868612
0.07807100177319215
0.08999736441116474
0.09215845559054263
0.09411260111350285
0.09802725971255444
0.09223796952696794
0.09508114760331307
0.09117895877938793
0.09031674609884997
0.08456861635211117
0.07797001229576746
0.07379040929453691
0.07357410855075715
0.07654897265137375
0.07451444439188237
0.071352572500826
0.06921791113197183
0.07099136403386108
0.0703361099837767
0.06841503299728519
0.06361316944360777
0.06098262031231622
0.06197614736068777
0.06060636355944231
0.05962814248722696
0.06451947118718866
0.06611157343000189
0.0711119557708509
0.07000731085931075
0.07256696736910552
0.0687896172429312
0.06871219293999715
0.06423209203890543
0.0717729338942913
0.07057857516151551
0.07289753283065574
0.07830271108834858
0.07408276537378482
0.07349918485413899
0.0750790631192773
0.0779511146000779
0.08427324824031657
0.08660356133331185
0.08997220925578593
0.09207793367882251
0.09573856586405877
0.09844289098999058
0.10465772307838883
0.10348308070665845
0.10272810368061039
0.10567033032849853
0.11279284231835414
0.11411922737018274
0.11056625924648583
0.11528687742479822
0.11406204113156249
0.11514781322973884
0.11630939803463386
0.11546387369423135
0.11188558576441665
0.11458825867658366
0.112674436162719
0.10952515986007835
0.1092658526520981
0.10169295137575868
0.0983208194900412
0.09950727636792253
0.0895824956712063
0.09329323754030265
0.092296191248449
0.09207260549620368
0.09017939544879226
0.09013214697889266
0.09149957744148265
0.09168712857261344
0.09297808902009784
0.0961841806346078
0.10067468811380312
0.09769541779913161
0.09951550847304096
0.10753650996488143
0.10441643091118907
0.10332422911018303
0.0987493967410317
0.10278607080960607
0.1041960485310033
0.10395570015042686
0.1007645626273163
0.09494575528833299
0.10157895646865939
0.0914931038645709
0.09016173888833945
0.08219145672129843
0.07745375628284817
0.0798979826105054
0.0785875286836285
0.07195340360574572
0.08186507157627271
0.08368326567905203
0.08652383028800004
0.09196745975144213
0.08853319043375792
0.0880390632303251
0.08843786979527132
0.0818923436253771
0.08148532126907654
0.07848988724874155
0.07781768298181682
0.0745723952455568
0.06760037084712528
0.06684909111462638
0.056288622997457606
0.05831511640481128
0.05539124544838401
0.04954546211376862
0.0443370746583026
0.04719142703362781
0.046057020488800414
0.03710487893330318
0.04524183890217119
0.04008577702863938
0.04307660621490097
0.03870799961546293
0.041536368321668266
0.041479531886221624
0.03645201254035209
0.039330595631314975
0.04503820736532401
0.04581891803008895
0.0460742982298589
0.03944030992139771
0.05276839094797425
0.04778212997673781
0.05205213633965702
0.05410390196514278
0.05381667051123676
0.05132756144665651
0.05550026032596016
0.05221263259826979
0.052447143169404055
0.05001437489886012
0.04957505517258361
0.051394039942602714
0.054428015720772396
0.052023245337622065
0.05138943152286571
0.044941526538289964
0.0411683573475951
0.039681893828192066
0.03954836882626442
0.04576680348953525
0.051409252998044316
0.04608692447572767
0.04729913557670477
0.0416778979857718
0.04062212016867708
0.03920670591841115
0.03723599069858339
0.03889842270382903
0.043178574592657934
0.04590054549926749
0.05031298557333573
0.043066469514134675
0.043850488671544494
0.04399866764800098
0.04344676888203691
0.053171936184889995
0.06062951930272452
0.05782796170871033
0.06672594004659574
0.07090222774837722
0.07255965161035272
0.07287707710756236
0.08182604368200659
0.07334794933193621
0.06999138181480935
0.06476123115209777
0.06101567970094437
0.060577371016408366
0.050878236385854717
0.0456256473111927
0.04120263615780528
0.047065441098673395
0.04966128586728224
0.0564342387504966
0.04972623522413128
0.04719010594433406
0.050004492327733886
0.04892599164947186
0.054292113040806576
0.056980391153563015
0.05496740652404361
0.05918180856146975
0.06932641477813038
0.07023075395337747
0.06779754008449992
0.0710755489350858
0.06991625047211958
0.07061781148598824
0.06475359581827053
0.06225962314656315
0.06578014895325308
0.06635426663298011
0.06480942176121784
0.060798172923408195
0.06342076694405166
0.06724607368482886
0.06450752517172115
0.06276319760420976
0.05458756773495832
0.059319415137980926
0.05673057883797816
0.05367885260488653
0.05481995455604983
0.057403084917465416
0.055958477745502805
0.055066837760157895
0.05431550498700663
0.05973493270605419
0.06113918005273017
0.05974822638951084
0.05934808770140374
0.062323525151001806
0.058725845348615344
0.05486241202011724
0.059035870507485516
0.05677618625328238
0.058134179873436685
0.05509109863481509
0.057177860418160746
0.04685038828957988
0.05221065982519161
0.05716500903285444
0.06051673212489676
0.06192463627562941
0.05731898623592562
0.05657695716349697
0.059411810242630814
0.0675437439523058
0.06620486312888488
0.07329275100504472
0.08121229565033482
0.08016323132865834
0.07969252763165482
0.07033388427624407
0.07279321572971512
0.08039346076191535
0.0774295858772247
0.0776127230726766
0.07617791292542864
0.0731286651926303
0.07507710062234774
0.07002966402486357
0.07047203210620279
0.07250376905612119
0.07646445218897456
0.07403908367487662
0.07502265663668313
0.07492449258544856
0.0800280207667986
0.08744745090828847
0.09063653073611205
0.09557038994515826
0.08620847757150935
0.08502204182590208
0.07997494106872631
0.08164947997911191
0.07888736334058585
0.08339315689653487
0.08379982439471131
0.08267743456519824
0.08845704049698748
0.08866412673242084
0.08951434757462282
0.08550711984925191
0.08273998495988386
0.0837308338170895
0.08801459413679057
0.08398454272072989
0.08039530992210024
0.08407572986128548
0.07591217162327472
0.08770821251229531
0.0829745907345932
0.08258014403910241
0.08166896846818715
0.07769668374679438
0.07695165937696367
0.07936743414202795
0.07681980279400714
0.0742860020528064
0.06724618107164913
0.06350201198944094
0.06730835234903891
0.068734318720789
0.06294003963229318
0.059196058010802334
0.06006711127676373
0.057599538952916904
0.06225157154050401
0.05937715587074707
0.05656778567812575
0.05055278638955363
0.04663135687201924
0.052046383816191796
0.050695301112291834
0.03981653139909494
0.04259154851094651
0.04137773542078243
0.04399337956991401
0.04654803307293504
0.05105199855421462
0.048414899463874235
0.05230731374745823
0.047641939354473466
0.05119078637218084
0.0564176870429605
0.05618484341017796
0.05105553631417617
0.04582717014919554
0.05096127940129925
0.047576401233248966
0.04659198427776301
0.04564777757191694
0.04557482272938498
0.046793054213062166
0.05273959786600453
0.05379792748477108
0.04771618531790072
0.05031487132144837
0.0527986183880498
0.05752424920719482
0.05385273226783459
0.05565682720886543
0.05793010079554158
0.055826137436125904
0.06562708484745923
0.06674375717345711
0.06887706811988874
0.06478042876780435
0.04746278395025792
0.018855651722347856
-0.011538391071245272
-0.05582402825731747
-0.1007423985974889
-0.1511342630153862
-0.2122512317865938
-0.27954462706195127
-0.3531606019362636
-0.4277625676422431
-0.5073525206690704
-0.5827957633210237
-0.6534044775735618
-0.7268709378127415
-0.8044524435889455
-0.8830389469971289
-0.9617186323174658
-1.0570589750389912
-1.1496239480175645
-1.2385515454792082
-1.3273730265135966
-1.4147975906621928
-1.5014865333916156
-1.5952439306098087
-1.6806754599874176
-1.769572745519122
-1.8565738905017826
-1.9458773544347026
-2.0374521851461824
-2.1274589078560338
-2.2210624598012862
-2.311872686798079
-2.4050715632550714
-2.4865379013762423
-2.574445115429872
-2.673445767749161
-2.770730103726456
-2.86094583544399
-2.950556313740838
-3.0396678215529045
-3.129063485326606
-3.2203753943394453
-3.3143539922697807
-3.402161195047938
-3.4930027426522847
-3.584488548954645
-3.672059564167025
-3.7654995993243396
-3.8575037273540653
-3.9517297065459505
-4.039226325649002
-4.132752587031005
-4.220502220865011
-4.312155285815577
-4.413749341728444
-4.509675491251903
-4.6019591754184725
-4.69029154415232
-4.790950257873772
-4.883576235252307
-4.971187200839623
-5.067826829639751
-5.160564485288734
-5.260424229248471
-5.355446469945118
-5.450871230899148
-5.451918521763411
-5.455831954778494
-5.4586953848550115
-5.464971002972587
-5.466640250417635
-5.469623344737577
-5.467688477176686
-5.474166545152583
-5.472687792630827
-5.470911194383707
-5.471903007803902
-5.471662869879982
-5.472964208646171
-5.474029610623008
-5.471805332537369
-5.469255233494062
-5.4672884679462905
-5.469209403959777
-5.464900782150226
-5.474444421364715
-5.482002109973109
-5.484902658275021
-5.484100958799217
-5.483425208041754
-5.489083733583315
-5.491322111311156
-5.486884744653045
-5.478643050875779
-5.478923208822556
-5.475400738169103
-5.475384796603547
-5.475509244246503
-5.475934460922119
-5.4708257291430185
-5.4634022177255535
-5.463244291806724
-5.458419371785975
-5.458185772928795
-5.453167524088644
-5.4506096058093085
-5.4536305746157145
-5.453525333526144
-5.452973617246012
-5.447566702779002
-5.446764891504412
-5.4531661060913414
-5.4468051105003035
-5.452855332611911
-5.453388096916405
-5.452393147754674
-5.448832968611483
-5.4480795191295455
-5.442295135356134
-5.441623639769671
-5.443558957765392
-5.443854860001818
-5.448234489436192
-5.452452889764127
-5.457895793769344
-5.452744772545251
-5.455417788806218
-5.45786997368936
-5.461483241815694
-5.459092180143113
-5.461701176383461
-5.46652470004445
-5.46349600094949
-5.466440305423067
-5.462358755237586
-5.464174813722701
-5.462969244586603
-5.468810722012707
-5.463965917151662
-5.467389502549237
-5.464519250268646
-5.469148574475709
-5.472352983706774
-5.473031689360662
-5.4741931643600825
-5.471759995711361
-5.477262992568084
-5.476660158592812
-5.484684142399954
-5.484358715962375
-5.475304853257889
-5.479370072934273
-5.481099245404495
-5.480304868133649
-5.480730744155647
-5.484748466542857
-5.479478838818658
-5.480374660808058
-5.483045358289852
-5.485809486659674
-5.486548233717513
-5.488039007525772
-5.493056722112985
-5.495830751617891
-5.498204615143211
-5.5025253165376835
-5.507783157818938
-5.5075638172130885
-5.507066243541467
-5.505687985724779
-5.509616205435837
-5.514069277513598
-5.508674640079318
-5.513259332186418
-5.5057650005202925
-5.513577375068125
-5.512997866693558
-5.512248768803317
-5.512326258664902
-5.513041683406886
-5.514942874936229
-5.513844486625004
-5.5087079065133215
-5.507620082276221
-5.508517423227697
-5.516003874678347
-5.52564498130856
-5.525132334300223
-5.521397015432357
-5.521937269892985
-5.52344026883369
-5.525821295647604
-5.5262001982762605
-5.530611986775233
-5.534596264645142
-5.531605348535278
-5.533681015886071
-5.537019970732989
-5.5322259215112615
-5.532364138268593
-5.532357272839308
-5.532098419965446
-5.5304803763256
-5.530615295775643
-5.5335303004507725
-5.537751370252668
-5.543418005075967
-5.545788814525684
-5.5487283122636315
-5.542750127852232
-5.5440352260219425
-5.540554167051655
-5.539069368472533
-5.541837630756838
-5.532543120586719
-5.533424244185125
-5.535958102616994
-5.540533736172334
-5.541739956354863
-5.540974199037272
-5.541964895886429
-5.542246444092866
-5.5372059436344
-5.535057214855466
-5.535852604478259
-5.54142966099366
-5.546934893764595
-5.549819691508258
-5.551163378622692
-5.555781472745212
-5.557331512160512
-5.556421443824335
-5.55752424621659
-5.559514816291821
-5.55479894601339
-5.555617647545762
-5.55623737672178
-5.555070654459491
-5.552918635968312
-5.553270976818519
-5.549081204425739
-5.551328471586511
-5.548719432907392
-5.5434242828183775
-5.540806201086192
-5.540318719521336
-5.543132150950017
-5.546079170816784
-5.542889357412736
-5.5434735452048
-5.54803935932778
-5.5494429140817765
-5.55395865880207
-5.549238620880262
-5.550437034015494
-5.554108776106344
-5.550947474072147
-5.550810486313977
-5.552875966746663
-5.551165080281841
-5.550052105649104
-5.548876921631066
-5.550680284962698
-5.55012367136553
-5.560002259007473
-5.557695135142472
-5.555260287250961
-5.553940129772622
-5.549800363462933
-5.548302314948904
-5.549128841667313
-5.548760961387932
-5.555034160317277
-5.554334642202682
-5.555582679063439
-5.563729036809378
-5.562355953382224
-5.5646255367991895
-5.561051079397565
-5.558379538021642
-5.551045095692759
-5.55133042553088
-5.5502441426583795
-5.554123140436764
-5.558644336878227
-5.552316269855636
-5.556798178898473
-5.553293932001161
-5.553181537644863
-5.550611939269227
-5.555225065622892
-5.554599229865612
-5.549919545206201
-5.542697690630376
-5.544939826834272
-5.544959731590263
-5.543181881097911
-5.53963364769936
-5.541172734637739
-5.538831672745709
-5.542180951348374
-5.5406231290168355
-5.542777485586112
-5.5398449376811465
-5.545692059424579
-5.539508496696239
-5.538960801955318
-5.536637954180452
-5.536077691549683
-5.533097658455449
-5.538109193220343
-5.537236853202862
-5.5410578224762155
-5.5471967687038495
-5.550619429802812
-5.548004515995482
-5.550355906372928
-5.550296400948187
-5.557587080462925
-5.5554173425727145
-5.552022872845534
-5.55560138722487
-5.555396775844865
-5.554493664661215
-5.559797947584288
-5.563901594211604
-5.566509362472861
-5.568964748097313
-5.567157610531639
-5.556514617612744
-5.55868497065616
-5.562415925168908
-5.566986411708458
-5.557096427087383
-5.560051930837269
-5.560826459843546
-5.554908442592235
-5.556990807656813
-5.551932590655201
-5.553034212772943
-5.54910404796357
-5.5600028542413025
-5.564296669799556
-5.560623034160317
-5.567603769720207
-5.5591808808466725
-5.5612463583620295
-5.559293935839953
-5.562189857155142
-5.561490688920203
-5.558793296013869
-5.559127176659734
-5.561076891910426
-5.5598292919100585
-5.559178830105063
-5.55371877928956
-5.5548390571735435
-5.559372786892671
-5.568758442294257
-5.5615192681364425
-5.5540897250851105
-5.555260336414456
-5.550591042928085
-5.553438826934075
-5.554106771933656
-5.548823543066239
-5.549764473279885
-5.5471359819495865
-5.544081392450417
-5.540207358155346
-5.54076928520921
-5.542562518300608
-5.543815066593814
-5.543225451527401
-5.536619630159982
-5.536774411923114
-5.535009885297734
-5.534558472687317
-5.534461178679984
-5.523879762667296
-5.52102770963959
-5.52067908460131
-5.521606675980478
-5.520663497365944
-5.520820301506131
-5.525589343178349
-5.5272030409374695
-5.5274060838749595
-5.529999012969551
-5.528166332508737
-5.530875319363689
-5.529657054992861
-5.53252875723298
-5.533977980474888
-5.531172208522589
-5.530344567761767
-5.537682437302798
-5.542843191351902
-5.548514477579922
-5.544816117747912
-5.539743866583486
-5.540676947791474
-5.539872864956328
-5.541247303914847
-5.536122891270908
-5.537988951873921
-5.5333573513163605
-5.538985071379594
-5.539035031078436
-5.537703651815332
-5.534136042786208
-5.534374012296962
-5.537788909091455
-5.536937175616506
-5.538299183297972
-5.536086437995129
-5.538088885006799
-5.536203123505236
-5.536788179317317
-5.530188450411409
-5.5285740109246575
-5.535852494837898
-5.5353499788088465
-5.5351855605420095
-5.5296123841771525
-5.530248759364061
-5.530155044413989
-5.530475617321614
-5.536779385802671
-5.532687565772116
-5.535386402425995
-5.5311549480190365
-5.53770429360326
-5.536300697530918
-5.541378021307981
-5.54055342135402
-5.54197832598835
-5.537871783382038
-5.549323167974556
-5.544902994414432
-5.544280807523627
-5.54349859079688
-5.548850574889934
-5.551787872029483
-5.558133428801056
-5.556193500654737
-5.556916828648121
-5.558903595526303
-5.5647409169110125
-5.566057284594768
-5.570583626928887
-5.567630581473222
-5.569520580270382
-5.5731258854074435
-5.571189076907843
-5.574028683639778
-5.580285836163344
-5.578224401074094
-5.57648107310903
-5.5668236500138395
-5.567570893106534
-5.56649282935762
-5.5665674134997785
-5.568280252514731
-5.567983602414176
-5.567233856935985
-5.5693379138891235
-5.5642013550695495
-5.563531197136771
-5.555419736401888
-5.552840517836506
-5.555224199588126
-5.558542341847298
-5.559717349333618
-5.563279816252479
-5.560384673945298
-5.554181599081129
-5.549084945117076
-5.5467138061978725
-5.547757491289729
-5.545096982354517
-5.543129034208649
-5.541382968439634
-5.54503288756072
-5.546100622141315
-5.547450833639206
-5.541218062713676
-5.538721693492208
-5.546187109135884
-5.54704889153024
-5.553742445330841
-5.552445713752849
-5.554188861359424
-5.562771308613142
-5.551177547796411
-5.549277901042773
-5.554033713094243
-5.556267668079482
-5.556871014100061
-5.561681326554388
-5.564123624727571
-5.5615757774604315
-5.560328407098091
-5.557891754326193
-5.554722743555455
-5.556902977153471
-5.558169366180592
-5.555407773568537
-5.5468177200162385
-5.548362615290853
-5.548540894834309
-5.550493932696665
-5.551982201512377
-5.549749932919427
-5.545258994116913
-5.532593530521118
-5.527700182995152
-5.532211028739322
-5.5357747937367305
-5.531843699985831
-5.53231532299735
-5.5312021592787195
-5.526442766020095
-5.527546278981015
-5.524891351983816
-5.528346411611297
-5.5316739088909435
-5.532953078532278
-5.53038402125276
-5.532210588419805
-5.5323380704190805
-5.5258413487126905
-5.512128895502012
-5.510720490561097
-5.5116430939864625
-5.50851321365114
-5.509769407434124
-5.5146734552685786
-5.511753015023958
-5.512027408423684
-5.511131530975958
-5.515281223166305
-5.52201806189618
-5.52468789409965
-5.522110269513504
-5.518462934283692
-5.516002813356666
-5.513026190363373
-5.514403327353075
-5.509973768889044
-5.505099347354274
-5.508779272718195
-5.51019591232495
-5.511342269021668
-5.510253107899882
-5.511670330206455
-5.5100338511013245
-5.51242834057097
-5.516352864611966
-5.507401850616019
-5.5119893615164175
-5.515736250911068
-5.51700636869618
-5.51623643909047
-5.513526407001682
-5.512462804395034
-5.508440068987585
-5.508823834896501
-5.505681559490772
-5.503488449148742
-5.508509406747849
-5.512374933839451
-5.50670727536577
-5.508278512728125
-5.5065860232434565
-5.504905520029063
-5.501110267182535
-5.50421412191065
-5.5037574632082835
-5.505314917728597
-5.506793663480515
-5.506324359575581
-5.4992666406591715
-5.50135547220045
-5.506462148844611
-5.501808503045289
-5.50168394174522
-5.503010437004269
-5.505415222834783
-5.5117203554137415
-5.515312900295254
-5.511122733577494
-5.50995224600055
-5.513223836076656
-5.5139918483928065
-5.514601230040149
-5.515685775744704
-5.520635806373839
-5.5251392520770715
-5.529433965895626
-5.533464574926874
-5.527586393767526
-5.528030632849716
-5.521963164387236
-5.5241043255247
-5.524828577041807
-5.528279427226814
-5.52305258725092
-5.530350968162711
-5.532162935867294
-5.5280621398872976
-5.525256143299598
-5.52911550760896
-5.525027938790778
-5.522294493053095
-5.520268510486075
-5.524574221535236
-5.525261416085624
-5.524716724503826
-5.530911723359629
-5.522773727204323
-5.525219380417763
-5.527101340547294
-5.52693905234354
-5.533401121388205
-5.5364681200776245
-5.538424319542263
-5.54052082045455
-5.535424499058126
-5.532071612064955
-5.537761398644887
-5.540229072375047
-5.540550047592437
-5.5380750025401335
-5.532492923522974
-5.53106301391903
-5.538511173070463
-5.546319539153048
-5.548050388721527
-5.548905557065134
-5.547252696419401
-5.547818630809317
-5.546811506182691
-5.547466741261306
-5.550165383379551
-5.544968839658796
-5.53688671748199
-5.535516101446392
-5.5390107357101
-5.537054968165184
-5.539465853974024
-5.537657254685723
-5.534949722744804
-5.537561998659825
-5.540158290101104
-5.536084194528508
-5.536979715986247
-5.538656797056472
-5.541427761740022
-5.542645431664641
-5.5415535557890605
-5.539194795256107
-5.547075682254262
-5.543889087795549
-5.5374810684742775
-5.544542543447048
-5.543075852978438
-5.538271685249787
-5.533888096756086
-5.535163399532087
-5.536226505102008
-5.532222300461396
-5.532929317149536
-5.5319577030584774
-5.5325758064094455
-5.53272003370208
-5.536067320663251
-5.5414227272574434
-5.54151340739947
-5.542030481058698
-5.544237184108415
-5.537834760336495
-5.5372039605790215
-5.541142490488408
-5.5389393468435255
-5.539145081804218
-5.539009872762097
-5.5337449541759165
-5.532257597200677
-5.533634793717248
-5.53606151937936
-5.538058770422751
-5.536614601287548
-5.534330834037887
-5.5436176397785735
-5.541857222350972
-5.542616161421077
-5.545878387167924
-5.544667989646589
-5.544783116051628
-5.552336880762726
-5.558977959666612
-5.564226092870368
-5.564657999975726
-5.561641572968016
-5.560645013224247
-5.560629322232873
-5.558887507272002
-5.553727140670027
-5.560009199974613
-5.567204030542946
-5.574397477058279
-5.5772379999030965
-5.585424250951559
-5.586147201816716
-5.585164603907392
-5.587268974892723
-5.589074161763055
-5.5926644024369
-5.588411951253966
-5.5914447315027385
-5.594499071546075
-5.587644605974309
-5.583874312634535
-5.585238315834001
-5.586718102835705
-5.58807337043988
-5.590671258983819
-5.597214224161132
-5.597462806154653
-5.59817722299223
-5.598728031837295
-5.606078725951138
-5.608522206836595
-5.604829915859912
-5.605385564159021
-5.605055600635449
-5.610070200003681
-5.612614695948973
-5.609163355833031
-5.610510064127808
-5.615771635310184
-5.61688551014298
-5.618022097131158
-5.617781195078731
-5.616730853234226
-5.621179136885083
-5.620969061375318
-5.622631173361402
-5.62478214614471
-5.627229522580965
-5.625105614127752
-5.633610184534233
-5.6307977403271465
-5.62434942503128
-5.626345195840527
-5.6197284480526974
-5.621971623728365
-5.623474704340228
-5.623440153413056
-5.619249467531316
-5.618057736945238
-5.62759900563655
-5.6285647555035885
-5.631724717507274
-5.632486160500399
-5.630966891182418
-5.626436904154141
-5.621439523477682
-5.622391687633996
-5.629340165280512
-5.632361775679059
-5.637872631086688
-5.645684460946461
-5.644892288548577
-5.644428208162494
-5.646453486770949
-5.648600279335576
-5.648978640616474
-5.652622278979483
-5.647705679900816
-5.64805738800113
-5.635978470703666
-5.636201718833219
-5.63203400013746
-5.633542899968768
-5.637927006186493
-5.639199350366624
-5.634055754014248
-5.637465376858299
-5.641263906393865
-5.644407614450375
-5.6405813224510135
-5.639429375353306
-5.6373842809405845
-5.643831938473284
-5.646732021141932
-5.651101293300965
-5.651345219514901
-5.662178358079782
-5.667511115552275
-5.671198430295118
-5.667995971451624
-5.66234019998729
-5.6711022141870115
-5.676332586466747
-5.674022740643778
-5.677772656643029
-5.672518730303348
-5.67385719045877
-5.671608028998961
-5.675967199470431
-5.6738501030914605
-5.669458704958036
-5.664974984410543
-5.666398032679793
-5.667609458787879
-5.66785760464841
-5.6665761966211505
-5.65747986723778
-5.650752598822497
-5.655836730678595
-5.652757321441518
-5.652594198052795
-5.65866247756865
-5.658559795534471
-5.6595139516551765
-5.667200024185399
-5.666108842515891
-5.666936672125159
-5.672032071376114
-5.675463602575402
-5.673314863263832
-5.674264303869191
-5.671978528215638
-5.669458216593678
-5.660600898959069
-5.660230360304073
-5.660136077759591
-5.659753415888401
-5.661783295064892
-5.654249138547611
-5.665489610725684
-5.660540946590515
-5.658442965256473
-5.6560687730398005
-5.650466109063561
-5.649225397174844
-5.649072227306679
-5.653593483642886
-5.647333509706036
-5.653250658864517
-5.654243832879227
-5.65902553344699
-5.670675456474861
-5.671043480088544
-5.658122151914697
-5.660093739967938
-5.6658527866912065
-5.662347782348661
-5.664947288069321
-5.670545043665542
-5.667541276108379
-5.665951073542638
-5.676285974093254
-5.66934403181171
-5.6607024641771595
-5.660134727075835
-5.655091035102186
-5.647403418864436
-5.64729655026888
-5.645226102670128
-5.64615616778321
-5.646891658776648
-5.637576919437373
-5.62983241331417
-5.632827234032286
-5.6299814777986255
-5.63793450752624
-5.635550008383089
-5.637469382330968
-5.633415559945771
-5.627744399313911
-5.623281484416954
-5.618036838517387
-5.618360798203715
-5.624026278375511
-5.624380766487227
-5.6282928533709695
-5.630161911783423
-5.631028945003242
-5.627953257227137
-5.632504123702741
-5.629894187128147
-5.625700482643889
-5.62307170681237
-5.6142724830808115
-5.620794354747662
-5.619484861706454
-5.616045632171464
-5.6152212110121695
-5.615448338888365
-5.62135542048336
-5.62962448711025
-5.62791419246103
-5.625097857225051
-5.634094075235409
-5.632818228419666
-5.624836635664213
-5.616062183001238
-5.615611552160318
-5.613963384606081
-5.6159745061329405
-5.6157554089542066
-5.609856598572609
-5.613231622326254
-5.617284181602199
-5.626128871771381
-5.629747050218483
-5.6269414092503895
-5.630779590777523
-5.629479235623085
-5.628767955565855
-5.626255143494818
-5.617889259589424
-5.620325839442216
-5.626128235928942
-5.629642961246252
-5.630959871741363
-5.630882698894391
-5.629573983801002
-5.628845574684678
-5.624157370943262
-5.629129758373857
-5.632795766353176
-5.638668548061776
-5.6412776639851465
-5.646604626363679
-5.650603094383467
-5.652823923297821
-5.651314532800006
-5.655317865791236
-5.6499701703419
-5.649092213525932
-5.647658856661398
-5.646319039490839
-5.652568501348517
-5.653798518433372
-5.650092673439229
-5.648876960863564
-5.645923912102329
-5.655206912446294
-5.652415356498178
-5.654996268317293
-5.652266109486101
-5.653066583774716
-5.657642144315837
-5.654938340158921
-5.6552398684854746
-5.650325461744124
-5.650846496293436
-5.653985184994024
-5.652845180516279
-5.651234910986779
-5.648432193443506
-5.646309426927471
-5.640685862777269
-5.642485103250465
-5.644358584083169
-5.651312723142318
-5.645216705795354
-5.644486859948222
-5.646632511487139
-5.652748449979945
-5.649687744306732
-5.654100292535262
-5.649326091695663
-5.64398407096817
-5.649385927708027
-5.647817019613642
-5.655022712662776
-5.655405397859204
-5.653744733068508
-5.648896128286863
-5.648537963986572
-5.646521109532102
-5.647684490386415
-5.648771236703834
-5.650364809954087
-5.6480240514955815
-5.647588796185698
-5.648315482001156
-5.650569357578625
-5.6499646779437045
-5.652416963246292
-5.650973868673512
-5.650564116242603
-5.651146304053748
-5.656172487559392
-5.659489951981728
-5.658384899332074
-5.654971233328962
-5.655764678261937
-5.657872728677328
-5.659801330450511
-5.658797403436667
-5.662187681355271
-5.66780954605642
-5.664210590778758
-5.6692086686655685
-5.666568586945262
-5.6701402535878715
-5.675843590353872
-5.667668020807053
-5.668281742665871
-5.673160318783656
-5.673993906041023
-5.675775635379174
-5.678494095590572
-5.673882530525712
-5.676157838606742
-5.676778837625262
-5.6728664605194945
-5.671685824120262
-5.6711895636843614
-5.674968622914834
-5.677199966586834
-5.6757560106683185
-5.675120900141758
-5.682197188646337
-5.68326549926301
-5.674998881569246
-5.680641118477648
-5.68380279798445
-5.678113564248668
-5.676353490884133
-5.679247052202955
-5.6784602580047885
-5.679961288699066
-5.682915491545619
-5.688089898066523
-5.6888712769997785
-5.686377546575084
-5.684616462255251
-5.680946496650673
-5.678442542994185
-5.673267892740519
-5.671404171950745
-5.665074825384719
-5.669474385759254
-5.669963285649952
-5.669810731186019
-5.665662850150744
-5.667566914460391
-5.672712212445272
-5.671104481450013
-5.667289078696197
-5.6645446597694935
-5.662855839629767
-5.653915227874403
-5.648926421986989
-5.639902544169924
-5.636316052867684
-5.636829252356589
-5.632677949348577
-5.62961041459001
-5.631941955240749
-5.630985389386543
-5.627823450164983
-5.628837689857725
-5.627263191378455
-5.630544241067523
-5.628336052783439
-5.625948122939177
-5.623314789688189
-5.618317310738236
-5.620326818322003
-5.617498381508318
-5.61674588041996
-5.617474509351471
-5.620970999676804
-5.623389312438221
-5.622162780718101
-5.622128710182521
-5.617390786912264
-5.611167301563349
-5.609374685500468
-5.606770427919008
-5.609038459087271
-5.605722717352773
-5.607683815051017
-5.613486405268709
-5.612601719320512
-5.615371959412929
-5.620844796730249
-5.62161073329688
-5.623215952669537
-5.6244383505735565
-5.626111570477876
-5.628018647997806
-5.626459047769693
-5.628427280717373
-5.6284258312593645
-5.632326313769992
-5.633059348275488
-5.630256597502041
-5.631393422354733
-5.636462993994702
-5.635376627537693
-5.628539217823369
-5.626381857243351
-5.624339453253614
-5.624262303016447
-5.619071932187501
-5.615690390933511
-5.608320831084158
-5.6099197766798445
-5.6135180272573
-5.6131211079792
-5.614204869007052
-5.605034618714179
-5.614892504199085
-5.612615639920458
-5.613931101601105
-5.620916320191306
-5.632758206428299
-5.633345103376021
-5.627628736607954
-5.62511787069497
-5.626810217251309
-5.631715474394713
-5.633910769756289
-5.633075540379875
-5.6320278824309655
-5.631745741963058
-5.632456726313157
-5.6386306988765975
-5.639240691572599
-5.638077277268094
-5.64220381846765
-5.642625004117129
-5.641874839599718
-5.641472828354863
-5.636734662365446
-5.639075505847604
-5.636888931543227
-5.644573934445779
-5.645090643391973
-5.649432665541799
-5.64452556296327
-5.648959592804494
-5.648860584065418
-5.650130403455512
-5.64995313207653
-5.642312915109389
-5.6420689613786585
-5.643035865834111
-5.642816868879942
-5.6381687217533685
-5.640888431942708
-5.639079048700848
-5.6481533568516324
-5.652098590609943
-5.656227686137461
-5.656232073843177
-5.65911894211331
-5.659071334891642
-5.655063017350921
-5.653783044451509
-5.651628672154345
-5.6476617542086265
-5.651863506890532
-5.646565001711848
-5.651943187674309
-5.654651283277619
-5.658742274460178
-5.662848984051386
-5.669285410447022
-5.663980472238435
-5.664406958927517
-5.662857697924463
-5.6668721256734225
-5.6632889740592
-5.6673891926644595
-5.6698226653306465
-5.666078703350311
-5.666836811723851
-5.6592836915036555
-5.657804942492497
-5.655620305898944
-5.649932341823377
-5.644018833827435
-5.646200719017333
-5.644462923225586
-5.640546054207236
-5.640525344366706
-5.637754335457829
-5.643007240706849
-5.640487927457618
-5.640295661115754
-5.636419944549713
-5.633203887665118
-5.6394467758753555
-5.639482354583849
-5.640351929212804
-5.641343260725683
-5.639189513575065
-5.633095830302478
-5.6355161782412955
-5.636694158855989
-5.636025540922801
-5.630590262369323
-5.629487822405172
-5.631536781168835
-5.636092904757017
-5.628051965177065
-5.627984509117254
-5.624206072800035
-5.627298985669578
-5.631073776739585
-5.629233690530847
-5.632711604503204
-5.632936149297549
-5.634816075604392
-5.641467868268788
-5.639346961082898
-5.6468836849644255
-5.644981220410887
-5.64528967317552
-5.641407198100734
-5.638450571225154
-5.641732527386409
-5.643730708718836
-5.648247976306462
-5.656263700998609
-5.655708204293764
-5.65350140140888
-5.656428272483708
-5.651494076143181
-5.648521373307139
-5.643843643290814
-5.648311675092374
-5.650494412956237
-5.656681387800161
-5.652344919334994
-5.66079227049263
-5.655534812142072
-5.656609851560968
-5.659163924909509
-5.658444134690425
-5.6549496549824045
-5.655378934530096
-5.663009504296434
-5.67026765253519
-5.6689471889618
-5.674993567341192
-5.678637740830441
-5.682041896333906
-5.681801013964395
-5.679385771766456
-5.676118616684993
-5.670143732810098
-5.671021609233056
-5.673494064488466
-5.671363062861327
-5.67608609373382
-5.684267671851066
-5.679041645837037
-5.6770828421267066
-5.6752050332934125
-5.676460730446781
-5.67889023770773
-5.675011000501544
-5.675323469091556
-5.67162526147998
-5.6776545668250895
-5.677444376060628
-5.682423448278427
-5.6837986433817695
-5.682130212230562
-5.6848715553191
-5.683941987006351
-5.6907489925931225
-5.690257658282576
-5.690246048095765
-5.691297102082377
-5.698492091377415
-5.699027072768153
-5.698759478228411
-5.697573794824645
-5.698035283613349
-5.703093898677826
-5.695772763531843
-5.701645422696765
-5.702164125874458
-5.700317405153512
-5.6951725861994635
-5.694522161476155
-5.6984768583907135
-5.700487416116577
-5.700214351929197
-5.701347714598988
-5.701628855869705
-5.70598657015718
-5.708908320357362
-5.714303392489415
-5.7188081717259625
-5.715806313403156
-5.71199443397624
-5.707032771014527
-5.712346705228237
-5.707669730504213
-5.706203650806017
-5.707149784008653
-5.709911598661472
-5.707277774667332
-5.716115643817796
-5.717775589331972
-5.711386411067334
-5.700568616818251
-5.703530711203117
-5.711082650057898
-5.702785158672012
-5.697694029009221
-5.700950113113093
-5.69398637234375
-5.695964036594596
-5.695694675611136
-5.695314739751039
-5.6934849670654035
-5.698098326224928
-5.702812147854645
-5.7050130944122275
-5.704953981175648
-5.706436071596771
-5.706180793632443
-5.7089685750712365
-5.706002198879657
-5.709849246071445
-5.71171564558884
-5.7070744758631475
-5.7034363050085455
-5.7056165251137045
-5.707552333750096
-5.703959894644206
-5.701158988140749
-5.700464378536671
-5.695827494299938
-5.687453307392728
-5.687534187522718
-5.691338740488613
-5.685352749447687
-5.6861621064670365
-5.687882027582816
-5.690606363481232
-5.690787276530926
-5.694159499999278
-5.693595304364287
-5.697991664657991
-5.701471610126658
-5.703256948192402
-5.708676881306976
-5.704161751514317
-5.706834095870038
-5.713149651900749
-5.715369639728151
-5.713276660974096
-5.709008625825054
-5.708578010790039
-5.713938433585238
-5.713565649438072
-5.71200041278125
-5.719965276167529
-5.719590169337435
-5.7232119443806
-5.713789082192786
-5.713483347590336
-5.715059394623045
-5.7105119306578995
-5.711967695905478
-5.710013883585385
-5.715050053258978
-5.711005314596506
-5.712460137846789
-5.7135021600969305
-5.71267600591269
-5.7023375328422
-5.7028008859808255
-5.7011834622317545
-5.698334238491
-5.70082619124802
-5.699387181280316
-5.701608107773945
-5.694955385115083
-5.692856364928489
-5.686340086801417
-5.691319021312659
-5.6927234959059145
-5.694535118302248
-5.697153354771725
-5.695064646419826
-5.690573948863168
-5.692702975909268
-5.695451830256047
-5.696610518445087
-5.690322215227882
-5.68729289884236
-5.683400928721023
-5.683406393882567
-5.681834801001495
-5.682667980688766
-5.6874584139995426
-5.683434927906833
-5.680243847504913
-5.678579230184953
-5.677870482292937
-5.680141074076683
-5.675971249572344
-5.681533364884994
-5.671314385817508
-5.669456865357578
-5.668904721545121
-5.674473076838784
-5.676273425247988
-5.677855062129351
-5.681582960394067
-5.683435472657164
-5.687408132153647
-5.687957897510729
-5.69156673252798
-5.6940540281935785
-5.701368219134664
-5.699314100583488
-5.696029025367209
-5.693785188373971
-5.69887895823071
-5.6963177832376255
-5.6940812632403714
-5.696584943369475
-5.698869147390038
-5.700363615484089
-5.698967793494031
-5.6935810377659815
-5.691738877553957
-5.688825228283641
-5.689722143963227
-5.687130574339972
-5.6839595438946535
-5.677741951656382
-5.686959379391807
-5.684513971265071
-5.685933408355746
-5.690002133725386
-5.697122303766498
-5.68912989730059
-5.691426434579355
-5.69638452902876
-5.692602718827408
-5.684778898525014
-5.6873175893940004
-5.683465631206089
-5.684623234972165
-5.692814055081252
-5.695023566538087
-5.697352096649686
-5.694181667559796
-5.697418115212651
-5.696785424619471
-5.697077974533308
-5.700918367141565
-5.702551843677487
-5.709383970490965
-5.709121009396138
-5.706394094163249
-5.708508846536261
-5.707753672964031
-5.699994920452297
-5.697646059394873
-5.705846019667044
-5.702220446512405
-5.700738056975922
-5.704639287729523
-5.711468306264826
-5.7117254553001855
-5.710119068441392
-5.716093374350741
-5.713505343187303
