0.0
0
0
0
0
0
0
0
0
0
0
0
0
0
0
0
0
0
0
0
0
0
0
0
0
0
0
0
0
0
0
0
0
0
0
0
0
0
0
0
0
0
0
0
0
0
0
0
0
0
0.0
1.6961565716480082e-05
1.6961565716480082e-05
1.6961565716480082e-05
2.5300588471796366e-05
4.679053157009419e-05
4.679053157009419e-05
0.00010733629914038879
0.00015976850535709538
0.00016699926729363905
0.00016699926729363905
0.00017591348502583656
0.00024304755370369464
0.00036426504259814654
0.0004878443876790076
0.0005727434492191973
0.0006778299436969646
0.0007855915742079399
0.0009786591672777563
0.0011798883327279646
0.0013199186331930783
0.001494630098821235
0.0016923151689115267
0.0018993712892812918
0.0020754694741286707
0.0022422616056983254
0.0024507567700985575
0.002658589267631315
0.0028749637654270437
0.003123371093687723
0.0034498716746607914
0.003741247208589791
0.004044234175435839
0.00440880176837523
0.004794612332041757
0.00525578413878877
0.005662881200237416
0.006123146242928116
0.006563252516394777
0.00708873804489336
0.007593359250954345
0.008143800947280186
0.008706876307044305
0.00931166896090254
0.009959846381697043
0.010681359400586083
0.011403881312811233
0.012113666952563338
0.012789745174598648
0.013418154427065909
0.01418907924601795
0.01491074454154348
0.015561673257240538
0.016140436931605624
0.016700131321601554
0.017288783871976604
0.017838579355389236
0.018380247256201198
0.01892526175152082
0.019508873508106164
0.020079483825926253
0.02054697228319216
0.02104259536597616
0.021471757443693198
0.02181957390092581
0.022138259410503992
0.022483481346876957
0.022862613074984665
0.023280594475094205
0.023701516897202235
0.024133866910360794
0.024503985105599355
0.024795593244175275
0.02504416883379043
0.025254192860439343
0.025480809680796048
0.02567601836831715
0.025859607940867453
0.026035051032962154
0.026209448043564915
0.026387538747673668
0.02658337844607606
0.026772249664756782
0.02694408093848891
0.0271940366322329
0.02738253968514085
0.027562522580803685
0.02775323786669629
0.02794717137791939
0.028136436129695467
0.028310236064687726
0.028494067859865902
0.0286840067198873
0.028880498164596837
0.029031730526747228
0.02913300961486363
0.029244864371859497
0.029362290660571444
0.029524552013157016
0.029664284562306645
0.029825905737621117
0.030023855999835283
0.03024557607739477
0.03048198796919748
0.0307133666666041
0.030998285480226036
0.03130159526293851
0.03161478176092462
0.031893191309658835
0.032196377277119846
0.03251395833073538
0.03284909048426719
0.033161632123861445
0.03349523445484725
0.033797968048868775
0.03408896696897462
0.03436125349602519
0.034601865352078674
0.03484362678628471
0.03514429331389846
0.035413057888031375
0.03569247225319297
0.03598227738526982
0.03631004873516151
0.036636345824223635
0.03697707831598808
0.03733063856062342
0.037642679880670674
0.037883344766494444
0.03818123953681048
0.03852439136328455
0.0389151452006222
0.03930375724725314
0.03968070465300056
0.04009535393409398
0.04055204467532148
0.04097369509080641
0.041433778940094264
0.04195662691972744
0.04246992999080632
0.04305581039799762
0.043684644679738864
0.04437472234247275
0.045092054707702466
0.04582159963863623
0.04647292175107426
0.0471035375588097
0.047656111509400655
0.048220991122182394
0.04879647156373037
0.04936597124932725
0.04992536257165506
0.050492331557264666
0.051076095305425805
0.051772675402536474
0.052438894106727606
0.05312680336661867
0.05380733384370786
0.05451726811361227
0.05524248814807381
0.05602950275324488
0.05683107268202409
0.05766246441542289
0.058468098196317986
0.05932385714564015
0.06025759812797562
0.061156473845155074
0.0620332024431868
0.06288646744151866
0.06385071910684985
0.06481629336664613
0.06575951668901912
0.06675640837866274
0.06778410151438893
0.06875925130526618
0.06974270118754888
0.07066149564005622
0.0716017158380598
0.0725197815040607
0.07347104609922928
0.07439622954109917
0.07536132900234636
0.07639167735653885
0.07741439783255231
0.07847237542716504
0.07949652833238958
0.08047992176079437
0.08147829642205362
0.08249107391198075
0.08344061129056676
0.08445046789477006
0.08550794644348475
0.08649400363269455
0.08749766758488564
0.0884557628847312
0.0893987403113014
0.09040151811473207
0.09136033246512493
0.09230581972849597
0.09320899508669758
0.09416780700437286
0.0951096848626395
0.0960832432789114
0.09708544363623295
0.09804306812830557
0.09896665017469364
0.099925080035262
0.10088875307448557
0.10184666932491321
0.10285051930888571
0.10387916377284788
0.10487914249473047
0.10591303009080738
0.10699571691060901
0.10804416520049816
0.10911720420895606
0.11016914016105811
0.11120870066427817
0.11227982465272926
0.11334230674989271
0.11438190673605995
0.11541355579296905
0.11647737862764992
0.11755153059471588
0.11862016427076606
0.11968820674175462
0.12076709355174116
0.12180114484696876
0.12277692397522709
0.12370830713562364
0.12467082393216566
0.12556107623653925
0.1265125323305693
0.12748461413935053
0.12844476234500501
0.12939058773802758
0.13030780343432255
0.13127122670628882
0.13221475069388652
0.1331976686932864
0.13424591276279094
0.13528327344403454
0.13632168695889096
0.13738528430025262
0.13840797819473785
0.13933175096594216
0.14027867837190183
0.14125422542481267
0.14226139607762733
0.1433128589580223
0.14441876366695963
0.1455262805099211
0.14665500330492898
0.14773944673244999
0.14884178337565174
0.1500024809658989
0.15118711912645882
0.15240084759718
0.1536264447181478
0.15489972090227844
0.1562033659261568
0.15754510817088174
0.1588615873352471
0.16017129679317849
0.1614813538202498
0.16286844670775447
0.16426476007264354
0.16567333525069478
0.16705945994222543
0.16838727081545068
0.16971598320494038
0.17110327234598066
0.17244299136506067
0.17373756112038616
0.17502798107776651
0.17627084466674345
0.1775288647276736
0.1788275692467856
0.1800745315556505
0.18123210927922853
0.1823880841318525
0.18360399189266616
0.1848659594490632
0.18609100872747222
0.18734537277230787
0.18862402525407418
0.1899231154584159
0.1912213219238513
0.1924556768944355
0.19369672012708883
0.19493019350454036
0.19618616012247922
0.1974095246963604
0.1986527937150942
0.20002011299028347
0.20137206477765143
0.20264622828544818
0.20393534554309284
0.20519521042710714
0.20639000948185218
0.20754188227359235
0.20872530906102468
0.20995017979260883
0.21111184239899874
0.21222531323060825
0.21338831413296983
0.21456920388560877
0.21578652655924282
0.21706850228502828
0.21833236878519108
0.21954927121613085
0.22079931295602026
0.22209363227452944
0.22345431172224145
0.2247681748726425
0.22611485225092587
0.22746721427248476
0.22887492116342592
0.23029922569139946
0.23173657152855248
0.2331631772333801
0.23458042301491966
0.23600488280830378
0.23733750795365413
0.2386611359997878
0.24002403056044505
0.2414517996630538
0.24293064201051487
0.2443949131131075
0.24591248516347033
0.2474418630418957
0.24890441064092927
0.2503750569473198
0.25185972624448877
0.25332721628880644
0.25475246051049
0.25618462017816945
0.25763240562037154
0.25901667621695673
0.2603974652162678
0.2617906481109629
0.26320998792155376
0.2645657643899133
0.26599505947892904
0.2674783951750125
0.2689402799966117
0.2704505925471068
0.27196329550334647
0.27340501898419906
0.2748463748221335
0.2762256748648853
0.27758733523836054
0.2788922890144295
0.2800979903589116
0.28134945995953076
0.28259981078864777
0.28391222375230496
0.28522584103927784
0.28657695521300247
0.2878599303477037
0.28916729162717586
0.2905178568612123
0.2919036896796256
0.2932395326225278
0.2945955764592666
0.2958826625644238
0.2971461075781044
0.29834845583788056
0.2995002628104768
0.30063259898904654
0.3017086403070385
0.3027510006389906
0.3037362658211791
0.30474658733166976
0.30583402775418916
0.30690060296849997
0.30793027299029896
0.3089182990507831
0.30993380363549816
0.31098037981444543
0.3119349970314243
0.31287273303051333
0.3138432731614792
0.3147996840873869
0.31582668696145455
0.31686579991053604
0.3179665376885807
0.3190100680864939
0.3200973326274434
0.3212339775213403
0.3224083710880021
0.3235736029030326
0.32473456658312555
0.32589835402608425
0.3270747398039025
0.3281973154257391
0.32928967852369295
0.3304172517294251
0.33156510734013367
0.33265267081036115
0.33377906779449695
0.3348373078759811
0.33591710407393627
0.3369546150742069
0.33807388045197495
0.33924149949281707
0.34041294637178593
0.3415724375358628
0.34267137903138717
0.3437461187883515
0.3448976765373663
0.3460338614295504
0.3471667386333796
0.34834552932712765
0.34955901871308
0.350759025297915
0.3520315730973781
0.35330774943226256
0.35450654115848745
0.35567362277515796
0.3568412671545404
0.3579875243655114
0.35908485779772104
0.3601642318060818
0.36125376836714523
0.3623587696917915
0.36345539435017715
0.36451743065395364
0.3655194968949086
0.36652946620612775
0.3674868895484649
0.36844870410257496
0.3694814025316462
0.37051470427272226
0.37156211037322157
0.3726650370874907
0.3737407907694879
0.37490227097009843
0.3760225450628065
0.37710893287640856
0.3781396098962435
0.3791866780815687
0.3801838021356844
0.3811640373710125
0.3821506392201941
0.38321565326404783
0.38427941038680086
0.38523158717636524
0.38612238965708173
0.387009916191425
0.38788329308272507
0.38871433235361946
0.389557925679245
0.39038767638160576
0.3912455063437396
0.39207642873880233
0.39292761934301185
0.3938086319757963
0.3946327747126439
0.3954385946307237
0.39621126983659677
0.39700420633030015
0.39770612211953493
0.39841851373746967
0.3990781665225631
0.3997513668423296
0.40050225423208885
0.40130358484986134
0.40205605325194094
0.4028784911356017
0.40379004871111673
0.4046419129382579
0.4054278065347225
0.40622374065489014
0.4070029797030724
0.40779824518736674
0.4085293545936248
0.40922610771589607
0.40991921368249123
0.410561718830115
0.411185125068854
0.41176269354286626
0.41230581433543045
0.4128356782634928
0.4134333757082256
0.4140158795263249
0.41462503687629193
0.4152113513988209
0.41585386423137827
0.4165171911902906
0.4172003260084542
0.41785729700673174
0.41848249530102505
0.4191047349235783
0.41977625877351343
0.42043992694680205
0.4210829770091795
0.4216711390465163
0.4222128507078922
0.42273608591144185
0.42318732961362227
0.4236526468811399
0.4241428337688796
0.4246674035134019
0.4251983942197007
0.4257796911663992
0.42636331411025064
0.42705216259830514
0.42767627655598145
0.4283234309266217
0.4290217910328094
0.4296358632266785
0.43027045431543937
0.43092979005706894
0.4316371611007232
0.43234654037214354
0.43310373079991943
0.43393845456744584
0.43472134462917744
0.435532751001493
0.4363668375220338
0.437192524132557
0.438034993263547
0.43884803067105654
0.43962665079675917
0.44036675003898545
0.44112437307149965
0.44185207075330435
0.44259586509768195
0.4433284654080581
0.44406907396932177
0.44480588602254484
0.44551480213149813
0.44627041824160535
0.4469732125439378
0.44769518064101993
0.44848879199729114
0.4492396749242622
0.4499499571108003
0.4505560213587397
0.4511713110123542
0.45174675781849016
0.4523258008433659
0.45291854872244525
0.4534845533610793
0.45406725694216626
0.4546796689806797
0.45529506834782585
0.4558993426117279
0.4564732729335496
0.45700044948101004
0.45750214535836375
0.45798786008983544
0.45844371031688247
0.4588615324154824
0.45919856240042345
0.45953986458028007
0.4598472918195832
0.46012808223223806
0.46031251546932644
0.46049668509559505
0.46071969372496546
0.460912179613848
0.46116091304946644
0.4614369797295088
0.46179704513489417
0.46214496120247056
0.462564536412397
0.4629985187873931
0.4634940381650047
0.46406595316378707
0.46471054173510395
0.4653876160206321
0.4660606127506683
0.46667545171937447
0.46734315897032036
0.4680785473497428
0.46886420580226273
0.469642054735074
0.4703885654498915
0.4711490672526688
0.4718386752346285
0.4725491120346208
0.4732218331497879
0.47384573389985685
0.4744566624813581
0.4750716163576545
0.4757181753046532
0.4763185906208238
0.4769176033048803
0.4775307973736011
0.4781262679488669
0.4787050703209403
0.4792007761305402
0.4797232583986168
0.48024062994327804
0.4807298809104166
0.48119904982434414
0.48166643582844654
0.48213817183957314
0.4826024206160247
0.4830851293886923
0.48356272614594864
0.4840210190697674
0.4844975849285147
0.4849599389182148
0.4853765160749084
0.48574715205315205
0.4860811191422187
0.48639352187763757
0.4867304196290937
0.48712326755324
0.4876067239389655
0.48805703272379886
0.4885704667461976
0.489097721544029
0.48961035654703056
0.49016491719943334
0.4907216998015702
0.4913080797248682
0.4919242056621007
0.4925827151544175
0.4931874225900662
0.49379621960231834
0.4944722288548853
0.4951534189652305
0.49585948832521765
0.4965926356862866
0.49731417344455037
0.49808287084173997
0.49879753505082913
0.4994965931553376
0.5001802194212632
0.5008693596058567
0.501642308999491
0.5023401907077458
0.5030856479593883
0.5038216065288769
0.5046148489354425
0.5054447491820396
0.5063207571534681
0.5072015462605046
0.5080527693586177
0.5089576846808189
0.5099253553571111
0.5109498086737607
0.5119397481382374
0.5129358048499271
0.5138713458102123
0.5148409714157905
0.5158920969051337
0.5169906764251659
0.5180625648545364
0.5191399425854606
0.5202597756756628
0.5213563999506301
0.5224479835146103
0.5235709155277138
0.5246608440403504
0.5257248040917546
0.5267532339530315
0.5277355998422754
0.5287281349848213
0.5297034209407836
0.5306709140694289
0.5316427225085644
0.532651775185181
0.5336125515873911
0.5345908001183538
0.5355857617793232
0.5365343692156668
0.5374821211622517
0.5384028256249781
0.5393334107238028
0.5402621281371133
0.5412498063858245
0.5422512586765162
0.5433028953786081
0.5443426755470243
0.5453182173822914
0.546228762981591
0.5471095419588282
0.5479082626291202
0.5487269370390422
0.5495496998408418
0.5503584362056361
0.5511829188399113
0.5520425743453147
0.5528849030811063
0.5537542748556431
0.5546019523204346
0.5554240563785344
0.5562579730768948
0.5570299374767383
0.5578975967153367
0.5587661423986471
0.5597411595443681
0.56064361136178
0.5615697450323562
0.562538917480929
0.5635433088225664
0.5645012526099217
0.5654501310926042
0.5664232094199941
0.5674333936850025
0.568440241083594
0.5694735415389116
0.57050474879188
0.5714324130653692
0.5723452296098751
0.5732134046135129
0.5740637315679537
0.5749336096275321
0.5758292101705791
0.5767068117215106
0.5775580052201307
0.5784150806480625
0.5793578060055785
0.5803812738819326
0.5814096434768712
0.5824506675320574
0.5835263972907684
0.5845908351447747
0.5856086056070926
0.5865631321324403
0.5875746607577015
0.5885720110781512
0.5895861243729816
0.590663253386904
0.5917398932915324
0.5928824466554775
0.5940564516830038
0.5952809298017468
0.5965560973105792
0.5978994330021642
0.5992272864802254
0.6005422291680603
0.6018565754309106
0.6031879818542574
0.6044900585046841
0.6057814309159127
0.6070185136430538
0.6082720381058442
0.6095336537760488
0.6107549697176591
0.6119731165430495
0.6132540109258164
0.6145466560423912
0.615831717605333
0.6171439295683431
0.6185270147607199
0.6199403174677363
0.6213586468333074
0.622821341427268
0.6242948252752196
0.6257152402649365
0.6270880499902346
0.6284270131761662
0.6297851276634697
0.6310836088901245
0.6324394567687196
0.6337105528895909
0.6349957658218093
0.6362556464903218
0.6375501237173519
0.6387854458636774
0.6400215107817244
0.6411870171898022
0.642299362767778
0.6434889368614577
0.6446593415302656
0.64583656131335
0.6470619973612814
0.6482814067214552
0.6495172766554327
0.650700250793949
0.6518936117917083
0.6531090643897135
0.6543506324903328
0.6556475203795464
0.6569444504191689
0.6582519713192461
0.6595941939319345
0.6609635212207837
0.662308177248075
0.6636267359544852
0.6649439662578328
0.6662125195323118
0.6674799865182418
0.6687081351036448
0.6699467134951888
0.6712033458354922
0.6724710177969987
0.673756581988191
0.67501353374344
0.6762928236157811
0.677532974269079
0.6787791883512887
0.6800321476205041
0.6812634767321576
0.6824376468051684
0.6836332035527897
0.6848056200935766
0.6860502737670561
0.6873293645371118
0.6886159352096862
0.6898590383965548
0.6911028326541963
0.6923702680996008
0.6936377274769759
0.6949341741614318
0.6962324320675156
0.6974802874778852
0.6986638698986932
0.6998804877772725
0.7011115608476493
0.7023644357683673
0.7036475310053218
0.7049295764176577
0.7061810123461266
0.7073619739610673
0.7085825078228816
0.7098580196712793
0.7111208905088595
0.7123306053107544
0.7135651900879516
0.7148241213950133
0.7161187360984493
0.7175008062407215
0.7187819731004144
0.7201287435908112
0.7214667410001049
0.7227823883216876
0.7241110257033633
0.7254654005610937
0.7267185900814964
0.7279455959306977
0.7291921248307495
0.7303944896518765
0.7315646948781697
0.732743112217841
0.7339045730325049
0.7351055097884459
0.7362741668010131
0.7374527404571676
0.7386472290549336
0.7398985035280042
0.7411133121033217
0.7423314013658956
0.743486843920334
0.7446354526903698
0.7457999830193688
0.7469221583790864
0.747999396820637
0.7490338727116433
0.7500597586402721
0.751054330804128
0.7520898676535068
0.7531156695847477
0.7541336580827894
0.755207218045749
0.7563239166329637
0.7574664202379929
0.75860105790801
0.7597738831499394
0.7610295040832413
0.7622383024841645
0.7635110903997819
0.7648413201907593
0.7662277168470777
0.7675715459641855
0.7689337769457032
0.7702709393573315
0.7715306000862561
0.7728206658451495
0.7741158248469262
0.7754034596904216
0.7766840945628057
0.7779710564379805
0.7792873390270835
0.7805504533749466
0.7817910812856944
0.7829831726037119
0.7842569451067317
0.7854852237744263
0.7867215842156874
0.7880234243185658
0.7892972860937788
0.7906277979941722
0.7919732255183467
0.7932546774397111
0.7945062938732611
0.7957789073282363
0.7970731909222472
0.7984115795994595
0.7997282758795928
0.8010068103109049
0.8023623140095272
0.8036658998396177
0.8049484442646181
0.8062559376144409
0.8075909792918049
0.8089326079872422
0.8102246058714009
0.8114832667519423
0.8127542329937146
0.8140183174340155
0.8152781113389131
0.8165165547315647
0.8177812880941043
0.8190263905580296
0.8202917756542749
0.8215880014892862
0.8228968582508317
0.8242396876987753
0.8255762165393706
0.8268935871216576
0.8281665714624814
0.8294478730831707
0.8306885249414231
0.831997712651563
0.8333433640700366
0.8346659020012147
0.8359536695523864
0.837228782456571
0.8385209277283098
0.8397941120151775
0.8411002011553986
0.8424398084945407
0.8437838720395258
0.8450939987984685
0.8463551094075212
0.8476584365141593
0.8489705423688138
0.8502575119671791
0.8515652975904865
0.8528681749125641
0.8541561356296842
0.855455155510376
0.8566842300553371
0.8579658282044792
0.859201133894936
0.8604200495465922
0.8615944649016037
0.862745319366831
0.8639124525946364
0.8651036382111181
0.8662878435964225
0.8675491271430049
0.868833773039196
0.8701387578456043
0.8714283103158024
0.8727214062641638
0.8740654588690724
0.8753324821876715
0.8766275196730899
0.8778751149333354
0.8791207669626105
0.8803591538376042
0.8815986703438755
0.8828704669831728
0.8841499478737357
0.8854256561249758
0.8867422443018573
0.8880628226592394
0.8893283444803723
0.890622578564279
0.891920034756705
0.8932156692509052
0.8944494571642482
0.8956855577079315
0.8969334016239716
0.8981716492453349
0.899406188833623
0.9006194342315239
0.9018408971864295
0.9029793557135817
0.904094029158438
0.9052288226339211
0.9063712147381804
0.9075362726767231
0.9087161838577744
0.90994543608509
0.9112002751104247
0.9124728775655029
0.9137670927773687
0.9150497390848746
0.9163451566434584
0.91766003541569
0.9189141725108074
0.920138926809413
0.9213795365337729
0.9226331981947485
0.9239112707065189
0.9252188722654103
0.9264593684309238
0.9276573898730536
0.9288423771108199
0.930037164249681
0.9311683601665381
0.932319240639557
0.933362785237053
0.9343942147287846
0.9354180770351268
0.936497500027112
0.937622783330249
0.9387706099372427
0.9399387066424024
0.9411530218473453
0.9423901002797147
0.9436753921685996
0.9449957530166131
0.9462404478191152
0.9474800282284322
0.948737897848633
0.9500033405316046
0.9512481591159925
0.9525124012752582
0.953800697606847
0.9550732100371154
0.9563103393085561
0.9575410773190102
0.9587645211147691
0.9599672544673189
0.9612140908803797
0.9624812705117263
0.963745267369189
0.965022030711672
0.9662962375162936
0.9675748762417058
0.9688716644647377
0.9701186052652816
0.9713443824118649
0.9725499615508898
0.9737314475601749
0.9748844909536452
0.9761079308951807
0.977313290072732
0.9784949030818784
0.9796894846621205
0.9809152889764907
0.982137514695747
0.9833741392503674
0.9845914088728399
0.9857872511716872
0.9869266258279964
0.9880897472322302
0.9892870551166606
0.9904945182945136
0.9917556919722124
0.9930310133683203
0.9943167141352527
0.9955891788736522
0.9968933039300362
0.9982307624392875
0.9995800031840076
1.0009298419767125
1.002294051624557
1.0036712421858713
1.0050490839386645
1.006469524494669
1.0079200368621888
1.0093720039224985
1.0108639978224132
1.0123369262324389
1.013717520312554
1.0151032033445633
1.0164965940159736
1.017908373953545
1.019282340436715
1.0206618905839262
1.02204924371041
1.0234104549004408
1.0247343428969589
1.0260541120857924
1.0274244772210994
1.0288218920236933
1.030260702305923
1.0317379518023622
1.0332430504982346
1.0347083331073437
1.036121701964431
1.0375350284658662
1.0388402989226986
1.0401235512857883
1.0414467353641998
1.0428064326207214
1.0441698286276078
1.0455214237576615
1.0468542930882234
1.0481945058456614
1.049504186702885
1.0508112209796334
1.0521178089333223
1.0534124778360925
1.0547123636395965
1.0560130240239842
1.057353515797327
1.0586534099048543
1.0599683976263559
1.061267774657284
1.062570922962712
1.063880566735352
1.0652081753957687
1.0665769792463007
1.0679650806527567
1.069308756584305
1.0706954653633312
1.072093271392831
1.0735535904118356
1.0750132751720205
1.0765347425134963
1.0780924755492372
1.079648873889341
1.0812248052286575
1.0828147072133774
1.084432219405001
1.086123475790418
1.0878865885610847
1.089679974872474
1.0914837521581178
1.0932879922901408
1.095060210261296
1.0968908102212613
1.0987348617118629
1.1006441796413517
1.1025805499608328
1.1045949849948047
1.1066298398130519
1.108638592756673
1.110651018679162
1.112621803523181
1.1145888031636846
1.1164992384762875
1.1184587407653104
1.120436522214514
1.122389435529972
1.124333889553138
1.1262547976532722
1.1281848776875942
1.1301291755638891
1.132076131274234
1.1339753762009568
1.1358703084130197
1.1377571855876378
1.1396473384138557
1.1415411404589415
1.1434131288339866
1.1452906788687525
1.147196700312717
1.149145018126833
1.1511459359763732
1.1531058142551784
1.1551444746653963
1.1571643142798849
1.1591972692228307
1.161257670664607
1.1633044420029897
1.165321793319561
1.1672915412469664
1.1692398875575833
1.17120820150542
1.173181218384144
1.1751663078737735
1.1771626260540706
1.1790940156640917
1.181092514695807
1.1831117135920965
1.185175432391357
1.187215581511434
1.1892350060669927
1.1912529293959926
1.193237663308941
1.1952706693390414
1.1972678294055545
1.199229578043463
1.2011916736627013
1.2031817437576695
1.2051826326731006
1.207157144925323
1.2091217432179675
1.2111448429511764
1.213175728330065
1.2151609942329533
1.2171616859152252
1.2191596977816708
1.2211037861748288
1.223086855202057
1.2250499139483875
1.2270048401105538
1.2290103873086835
1.2310069793535436
1.2329894410008002
1.2349633141010026
1.2369600161217507
1.2389118524180656
1.240848498721748
1.2427032791755157
1.2445615989005978
1.2463883809395926
1.248198615102595
1.2499739055540653
1.2517797016549645
1.2535786123981567
1.255365938224322
1.2571577955821445
1.2589818718779078
1.2608402432745869
1.2626791589301503
1.2644891737409352
1.266264384316663
1.268036884252166
1.2698469478716305
1.271693295079483
1.273559332833782
1.2754411199559244
1.2773140369061586
1.2791693574201526
1.2810525182568337
1.282894859495014
1.2847835777940813
1.28664065671938
1.28850701020702
1.2903734140714536
1.2921641080574116
1.2939682663866359
1.295774407315994
1.297577501498526
1.2993363566923741
1.301105579698996
1.3028882045430872
1.3046790094644847
1.306515652490123
1.3083675694750265
1.3102291598646607
1.3120896268388227
1.313969821576378
1.315868685871296
1.317833157710664
1.3197671746108648
1.321689988915573
1.3236114777855021
1.3255177756473775
1.3273634797097138
1.3292495924266956
1.331105683706428
1.3329848870755767
1.3349147830427215
1.3368111395762683
1.3387067564278126
1.3406348185891268
1.3425789961811567
1.3445447396849541
1.3465385273894495
1.3485583153288208
1.3505789240702193
1.3526201728324359
1.3546293615135125
1.3566269920132616
1.3586258972311505
1.360587296944686
1.3625154785286995
1.3644396746004006
1.366406267257221
1.368389043683205
1.3703791072312643
1.3723405811988962
1.3743096726789923
1.3762954702412555
1.378250281019015
1.3802004988330205
1.382189219159225
1.3841936517042828
1.386183850612241
1.3881702568079322
1.3901114395239769
1.3920366568596985
1.3939969589774
1.3959555055962902
1.397795317676488
1.3996181390575508
1.401430787743599
1.4032755461703916
1.4050824220496103
1.4069034934724383
1.4087450672896655
1.410589123456802
1.4124710574559753
1.4143395445693034
1.416232986422373
1.4180902423956327
1.41987806594304
1.4216947224201573
1.4234850895300375
1.4252545339869875
1.4269953062068421
1.4286938512604717
1.4303588001202576
1.4320137845662004
1.4336762706504613
1.43531489872594
1.436984336227381
1.4386334780887726
1.44023671420355
1.441841156722028
1.4433805176155368
1.4449231111325544
1.4464786758975283
1.4480453140861038
1.4496264182875505
1.4511458693434525
1.4527243623765815
1.4543270508826867
1.4559203570100014
1.4575143521911964
1.45908835649764
1.4606626870557877
1.4622440478172776
1.463892370104381
1.465523185279353
1.467144997787694
1.4688039125089862
1.4705015129558485
1.4722924070586187
1.4740923913003685
1.4759781604692965
1.4778240059796708
1.479694026095236
1.4815892771273012
1.483505844307578
1.4854785542108733
1.4874601363535338
1.48948096243109
1.4915024422915808
1.4934636233363028
1.495415781190263
1.4974234348821112
1.4994403175309692
1.5014853009514133
1.5035529999019994
1.5055951231895803
1.5076248153602063
1.5096622944770677
1.5116277294812515
1.5135884324032647
1.5155229419175908
1.51741590197873
1.5192805897025141
1.521189693506967
1.5230731015486565
1.5249809711851903
1.5269188792234976
1.5288477769032316
1.53080718937534
1.5327942506804646
1.5348148695719164
1.5368754459905614
1.5388994738975115
1.5409149243580909
1.5429498842992921
1.5448869446150553
1.546832086984873
1.5488420811842425
1.5508668407278763
1.5529092069368433
1.5549436670731887
1.5569068857911557
1.5588959502443847
1.5608038567204394
1.5626819758658732
1.564535325347311
1.5663226792139295
1.568034251782558
1.5697766797719246
1.571526078701806
1.5732440973418098
1.5749515713462603
1.576615180469016
1.5782609530662253
1.579891268255577
1.581503274311894
1.5831512087604378
1.5847972728998392
1.586392248674615
1.5879843411348322
1.5895919899111681
1.5911398909024943
1.5926746860039336
1.5942387789626424
1.5958234278573835
1.5973792793448238
1.5989537019111615
1.6005187979268918
1.6020621312056766
1.6035644231804445
1.6051324910197795
1.6066980805392894
1.60836230846352
1.610048335930766
1.6116673191158972
