3.079956590531955e-11
0
0
0
0
0
0
0
0
0
0
0
0
0
0
0
0
0
0
0
0
0
0
0
0
0
0
0
0
0
0
0
0
0
0
0
0
0
0
0
0
0
0
0
0
0
0
0
0
0
3.079956590531955e-11
-1.3152734975259522e-09
-5.323015559243603e-09
-7.120110326030335e-09
-9.018084801358789e-09
-1.515073234869866e-08
-1.719568983923353e-08
-2.9797820247922926e-08
-4.72552778071631e-08
-7.3620381921657e-08
-1.1038020806826838e-07
-1.4297223080090367e-07
-1.933237432885087e-07
-2.3298117324527587e-07
-2.6914247023062256e-07
-2.854405372076778e-07
-3.2059677995275776e-07
-3.713775703762343e-07
-4.6876730538768947e-07
-5.083817036614463e-07
-5.63562237358961e-07
-5.922535525397052e-07
-6.246058425926102e-07
-6.506826319381124e-07
-6.745066831791474e-07
-6.845258908259208e-07
-6.914906281684495e-07
-6.914906281684495e-07
-6.959744016478915e-07
-6.959744016478915e-07
-6.959744016478915e-07
-6.959744016478915e-07
-7.201691750578098e-07
-7.58391270274029e-07
-8.241013185153214e-07
-8.764036466494122e-07
-8.764036466494122e-07
-8.764036466494122e-07
-8.764036466494122e-07
-8.772414581157607e-07
-9.012061355087742e-07
-9.470037475391811e-07
-9.85411336686575e-07
-1.01265770484126e-06
-1.0767608485579807e-06
-1.1213992265287024e-06
-1.1589713079157022e-06
-1.1962258322151917e-06
-1.2309523167117192e-06
-1.2610596612957263e-06
-1.2806334542393235e-06
-1.3177190567236992e-06
-1.4055526159076586e-06
-1.4841806071213997e-06
-1.5715509159911273e-06
-1.6382169898510656e-06
-1.7383121964632846e-06
-1.8554054097692504e-06
-1.9753693194222366e-06
-2.062134364435338e-06
-2.1637247955601492e-06
-2.2526246852756236e-06
-2.292908208593401e-06
-2.305839653233606e-06
-2.310222915719057e-06
-2.3635199659746734e-06
-2.4515512270661856e-06
-2.5761013211040222e-06
-2.67905482021124e-06
-2.7978367726563096e-06
-2.891310611513843e-06
-3.0092839815093285e-06
-3.1561351696814174e-06
-3.310833836373803e-06
-3.4389623938654744e-06
-3.5505020815091506e-06
-3.675895025664654e-06
-3.814938994154834e-06
-3.967682806792165e-06
-4.075231506004398e-06
-4.17662655570814e-06
-4.2534930460469066e-06
-4.324352328854624e-06
-4.3918827649320225e-06
-4.427521817239278e-06
-4.47376515587711e-06
-4.528753572471965e-06
-4.588908606638633e-06
-4.677990523191637e-06
-4.75523984251091e-06
-4.837212118184672e-06
-4.938513824855371e-06
-5.024249691788178e-06
-5.168944470869212e-06
-5.336478551993879e-06
-5.507798405082245e-06
-5.678648998537888e-06
-5.818809498840433e-06
-5.975071730295418e-06
-6.078062627848042e-06
-6.171266915000076e-06
-6.2368788970350514e-06
-6.277478385965837e-06
-6.37429860123212e-06
-6.443186176237956e-06
-6.516369934059029e-06
-6.58005301070543e-06
-6.673781826510319e-06
-6.8322996006252095e-06
-7.007599428611454e-06
-7.160135466754016e-06
-7.288648852832411e-06
-7.402341073440854e-06
-7.514028780945193e-06
-7.622165599705827e-06
-7.764224913439651e-06
-7.937636604650617e-06
-8.059821255931845e-06
-8.141475807661407e-06
-8.19723243233576e-06
-8.288970580713943e-06
-8.360527723299754e-06
-8.426828472153343e-06
-8.498131003639332e-06
-8.580947919259994e-06
-8.696898135398648e-06
-8.80353498500893e-06
-8.907361208113319e-06
-9.005300575679502e-06
-9.129268817381007e-06
-9.251473951549217e-06
-9.388903744277914e-06
-9.526053061542627e-06
-9.593802356737407e-06
-9.644576957296137e-06
-9.739670900871431e-06
-9.864335378514486e-06
-9.982125356140478e-06
-1.0132036978324529e-05
-1.02267130500885e-05
-1.0324570502849678e-05
-1.0394563578196322e-05
-1.0404489961757175e-05
-1.0437898453082016e-05
-1.0480990336162938e-05
-1.0561040052468196e-05
-1.0574253462980279e-05
-1.059129414754352e-05
-1.0614187604146831e-05
-1.066183424981698e-05
-1.0755242108630166e-05
-1.0871888647577427e-05
-1.100861605879898e-05
-1.1139857071695332e-05
-1.1240605859974983e-05
-1.1296282004200228e-05
-1.1287054822421226e-05
-1.12289502541714e-05
-1.125682309173254e-05
-1.1249823755091085e-05
-1.1175093135368408e-05
-1.1164953582468166e-05
-1.1099486879287861e-05
-1.1105285353281048e-05
-1.1100197069085843e-05
-1.1128575910461355e-05
-1.113926603073212e-05
-1.113153298524558e-05
-1.1199048926221848e-05
-1.129486723071909e-05
-1.138348264186236e-05
-1.1478120403552413e-05
-1.1545377358916186e-05
-1.1588633913349206e-05
-1.1667840697932934e-05
-1.1774718310308996e-05
-1.1885049913844527e-05
-1.2004191754251682e-05
-1.2080759025806977e-05
-1.2207215009304013e-05
-1.2285983475224388e-05
-1.2397040268716038e-05
-1.2482325436621504e-05
-1.2553293025102075e-05
-1.2657581840858093e-05
-1.276267669838963e-05
-1.2890340279412094e-05
-1.2980827205457098e-05
-1.3042619838552973e-05
-1.314803265814065e-05
-1.3261995077822859e-05
-1.3338241609690149e-05
-1.344207421890193e-05
-1.3527151086138303e-05
-1.3606344464074208e-05
-1.3657840719089421e-05
-1.3753554376058579e-05
-1.3807857284238392e-05
-1.3925370195851092e-05
-1.4020530274505312e-05
-1.4096806229223524e-05
-1.4167258168065058e-05
-1.424999051821888e-05
-1.4330007803834656e-05
-1.4281107470040917e-05
-1.425290737518685e-05
-1.4193881966547332e-05
-1.4151302111589316e-05
-1.4093026450123987e-05
-1.3928501563820808e-05
-1.3704344754849978e-05
-1.343158322040469e-05
-1.310781295871317e-05
-1.2722113754677938e-05
-1.2262995616379762e-05
-1.1881044152835232e-05
-1.1523648179203483e-05
-1.116064494416194e-05
-1.0781387316760872e-05
-1.0355881813095464e-05
-9.844352820263252e-06
-9.340976210888073e-06
-8.93705871474693e-06
-8.454690332840716e-06
-8.017441734401973e-06
-7.550629069474266e-06
-7.036287025372291e-06
-6.590816019630658e-06
-6.19169969243647e-06
-5.776306486477307e-06
-5.369678507472201e-06
-4.98559643420158e-06
-4.622939312854143e-06
-4.21530042148918e-06
-3.7544269278596935e-06
-3.36455543388546e-06
-2.921875162254658e-06
-2.43422421801333e-06
-1.9638679208443945e-06
-1.5071354945658463e-06
-1.0032202582450646e-06
-5.603735619743491e-07
-7.145570684092088e-08
4.521395779907997e-07
1.010596870542832e-06
1.591973458187552e-06
2.1931149238747795e-06
2.7161757945651175e-06
3.2133534077873054e-06
3.7430205395760617e-06
4.325680320177419e-06
4.8786396365099625e-06
5.4433310140730025e-06
6.080781293218609e-06
6.740887623416569e-06
7.263419818416399e-06
7.829631816733684e-06
8.427304085898923e-06
9.07109435098623e-06
9.783709326472946e-06
1.052757555267848e-05
1.125011351951678e-05
1.1999968267673304e-05
1.2782231080610038e-05
1.3642466082571398e-05
1.4542848947074774e-05
1.5479693455243086e-05
1.6404169242632733e-05
1.733364423187289e-05
1.8196028042250345e-05
1.9098508372692568e-05
2.00150131252533e-05
2.0982249062853373e-05
2.191797389334918e-05
2.2897510534567514e-05
2.38818377952058e-05
2.4693851717039133e-05
2.5586599101917878e-05
2.6556013483435632e-05
2.754173276244719e-05
2.8530011197551573e-05
2.9439300176838488e-05
3.0361889283483924e-05
3.12210923405693e-05
3.197239047868653e-05
3.2748940185207444e-05
3.356089363053425e-05
3.438776383139782e-05
3.523459101414447e-05
3.604513461611568e-05
3.6927222346502654e-05
3.774169490721741e-05
3.8456561562955146e-05
3.915043504220028e-05
3.987468217765177e-05
4.058873125498742e-05
4.1268104328718264e-05
4.20335159194579e-05
4.284572942827011e-05
4.36978970762549e-05
4.451205625767851e-05
4.534649477800305e-05
4.622546265908281e-05
4.700623457219661e-05
4.782439974141995e-05
4.8576230318423754e-05
4.925566910873927e-05
4.9909486485288624e-05
5.0674913997207085e-05
5.1470059648843116e-05
5.226059127323408e-05
5.313628030050247e-05
5.410174575541415e-05
5.4991987659806305e-05
5.6056616792030956e-05
5.717766186844772e-05
5.826001972818671e-05
5.945609391003357e-05
6.071254484233036e-05
6.182906737565568e-05
6.302996432277576e-05
6.431457173638974e-05
6.560325751455557e-05
6.676045388063467e-05
6.766596662202726e-05
6.84448631632823e-05
6.908706257580569e-05
6.97047656420312e-05
7.028812880971268e-05
7.075469548797517e-05
7.129506406564901e-05
7.181527422796685e-05
7.230050604151443e-05
7.278299797867188e-05
7.319619130739227e-05
7.363820052440679e-05
7.41867365380165e-05
7.477278778067797e-05
7.532739613605628e-05
7.590549351626793e-05
7.667881691882948e-05
7.747665841901121e-05
7.808171940837891e-05
7.86996747770399e-05
7.925049564692593e-05
7.974960042137493e-05
8.024478904578312e-05
8.089050774732406e-05
8.141938679303956e-05
8.195745164429416e-05
8.252388493315086e-05
8.304456427948035e-05
8.363922525269763e-05
8.423958033412985e-05
8.492012803953719e-05
8.560214601371994e-05
8.628194059522284e-05
8.70787781632587e-05
8.779178585454462e-05
8.859691896734947e-05
8.954704145429716e-05
9.056108215078848e-05
9.161051001050452e-05
9.273139752391581e-05
9.396580435802422e-05
9.524117339995602e-05
9.651692259703056e-05
9.78607196475498e-05
9.923294307378375e-05
0.0001005399106867189
0.00010189251818311101
0.00010340990186127785
0.00010481814144248455
0.00010617531290722509
0.00010765179279679465
0.00010912997590490235
0.00011060707123376772
0.00011228599572587549
0.00011409607889855325
0.0001161470717834262
0.00011827703606244183
0.000120372168347071
0.00012274024118120539
0.00012515173062657348
0.000127466433972393
0.00012977586522757432
0.00013207351097012366
0.0001345808770565128
0.00013716780132375932
0.00013975540497662215
0.00014253392487306984
0.00014521476028096048
0.00014810527830496785
0.000150814073278942
0.00015352179406140357
0.00015607508970937988
0.00015865566078599865
0.00016124667264187144
0.00016385401148740736
0.00016636257269820763
0.00016896194824932894
0.00017156712845893708
0.00017409100154706884
0.00017662949531394698
0.00017910098703734274
0.0001814478347731951
0.00018380954463935616
0.00018643383396537398
0.00018900236585932796
0.00019160532518291073
0.0001939621815986677
0.0001963913422688257
0.00019894330958137495
0.00020168267611405725
0.00020435496705160371
0.00020712082200047163
0.0002098690710772575
0.00021276329374642173
0.00021561953032995487
0.0002185312736782522
0.00022129360143769062
0.00022395279228813194
0.0002267347332780852
0.00022976394564525014
0.0002326577153277482
0.0002354798750091141
0.0002381793070586722
0.00024074627417414396
0.00024331874704271918
0.00024594118962136473
0.00024869750553180135
0.0002515663869671655
0.00025408437662775276
0.00025655491228859497
0.000259197069501655
0.00026173459877354253
0.0002643970263331147
0.0002670079876199564
0.0002696714732018344
0.0002725070337548304
0.00027536087461972375
0.0002780327496683706
0.00028055715458668836
0.00028308665956233047
0.0002855253540005537
0.0002880899428530258
0.0002906366022580913
0.00029328101355473844
0.00029597024649736234
0.0002985117385039005
0.00030109087108385056
0.00030355435592734916
0.0003060313085955831
0.0003085523576613675
0.00031096811498447784
0.0003133297048871871
0.00031582538456699315
0.00031842539052538455
0.00032084644136952135
0.00032315206673900343
0.00032535478809351734
0.00032767018039228684
0.0003298860841083903
0.00033201495863781756
0.0003342470428386348
0.00033651047884057704
0.00033879304594119876
0.0003413036691003585
0.0003436095791001547
0.00034580369544982153
0.0003478995680492307
0.00034999724008324994
0.00035206646601982895
0.0003541003419061401
0.0003563408030225046
0.0003584874267661224
0.0003606374641225889
0.0003628510496682244
0.0003648760880056458
0.00036687640116630593
0.00036867739727813734
0.0003704073193299143
0.00037212809236434946
0.00037385988971339436
0.0003757409128622785
0.0003776343019040184
0.0003796272470117219
0.00038157782093720685
0.00038344790997470554
0.00038538089901864485
0.00038750154541642015
0.0003896946184301595
0.00039202370003565783
0.0003944062344387617
0.0003967428612262373
0.0003990898023541642
0.00040147116247182205
0.00040393613174672256
0.00040607754576232197
0.00040833052732438234
0.00041042908106171845
0.00041243955830172686
0.0004145263870944861
0.0004166356157211333
0.0004187895816096125
0.00042090341650214883
0.0004232142733581084
0.0004254828494649454
0.0004278969647484379
0.0004304303992968648
0.00043299603313423906
0.0004354083552858961
0.00043788351369269897
0.00044024269662483576
0.000442501966420509
0.00044460903722951716
0.0004467044177168363
0.00044873268407892916
0.00045080189077007437
0.00045278190169648454
0.00045465122976588235
0.00045644208444092056
0.0004580650559004606
0.0004598012929659562
0.0004615656574655004
0.0004633457762213995
0.00046507168104192853
0.0004669191026758802
0.00046902696594914906
0.00047127960838059255
0.0004735130501882799
0.00047578428522913906
0.0004781018457130007
0.00048051271359239974
0.00048287671288463053
0.0004852521160171239
0.00048762686063372846
0.0004899433634867911
0.0004923729242081651
0.00049484184157408
0.0004972903352192985
0.000499726920820377
0.0005021896519180326
0.0005045918174629425
0.00050700247241309
0.0005094733782742696
0.0005117582734821962
0.0005141370944037301
0.0005165504518552432
0.0005189632635523246
0.0005213511553346548
0.000523772781813243
0.0005262100248013906
0.0005285390923370118
0.0005308703650810477
0.0005330340359968062
0.0005353386794653569
0.0005374938829983715
0.0005396171727562177
0.0005417683367088923
0.0005438438981006966
0.0005458893857751664
0.0005480817025882867
0.0005500889727615313
0.0005520125005556376
0.0005538290318842005
0.0005555841771721812
0.0005573163084048991
0.0005591944733215154
0.0005610358294701629
0.0005628362846137635
0.000564703444128592
0.00056674097471141
0.0005685780959070523
0.0005703395566663706
0.0005719709400889497
0.0005736877272952273
0.0005755216491530451
0.0005773862474866568
0.0005791113207137287
0.0005808589859396642
0.0005826599686226212
0.0005844961207079044
0.0005862333079955378
0.0005879157775102218
0.0005895540952231009
0.0005913192425389469
0.000592982126143975
0.0005945851570171081
0.0005963671366740838
0.0005981773979250256
0.0005999133050795345
0.0006015494442620182
0.0006034130854074828
0.0006052234116839008
0.0006071097457724606
0.0006090914779572017
0.0006110620170674484
0.0006129326355939724
0.00061473912578485
0.0006164950153010474
0.0006182728494766255
0.0006199594704825581
0.0006216605383818858
0.0006233901848430445
0.0006253179231842545
0.0006273664826744771
0.0006294207486842587
0.0006316180942348598
0.0006338060331223282
0.0006360742051184144
0.0006383977056511028
0.0006407521753135854
0.0006433049504228325
0.000646102095567043
0.0006488637387835927
0.0006516201541204256
0.0006541174469835258
0.000656450429822112
0.0006588339916859944
0.0006613452822608363
0.0006636952091298978
0.0006659124282155473
0.0006681543433855774
0.0006705131860236259
0.0006728595487465857
0.0006751936065305771
0.000677580508078077
0.0006800295555190964
0.0006823644843627683
0.0006845394105893975
0.0006868901653718534
0.0006890575522320938
0.0006912721579942386
0.0006936621152690087
0.0006959804468165668
0.0006983341315866789
0.0007007208984526967
0.0007030868428142108
0.0007053843605980927
0.0007075542227208447
0.0007095409641004702
0.0007114720182149143
0.0007132646652110662
0.0007149932626656382
0.0007166396218872428
0.0007182354957047224
0.0007198511755479075
0.0007215104654253369
0.0007231349059373585
0.000724824709554732
0.0007265793387270238
0.0007281043294454416
0.0007296137220835942
0.0007311484206531531
0.0007327101291450152
0.0007343694090578788
0.0007359616720596402
0.0007374378196451601
0.0007388200777505673
0.0007400672338969051
0.0007413515638643095
0.0007426868628879195
0.0007440977455117909
0.0007455620082476518
0.000746981853602653
0.0007484573518806076
0.0007497884332495732
0.0007510868517751825
0.0007523853097911324
0.0007536764176859232
0.0007549372781582219
0.00075607925423089
0.0007571752012650999
0.0007581658244835461
0.0007591510832683235
0.0007600973389713095
0.000761001233490663
0.0007618808784188787
0.000762775684030733
0.0007635277641141905
0.0007642454193118605
0.000764970021848185
0.0007656732767348733
0.000766465130553854
0.0007673451284680696
0.0007680697269776792
0.0007688688845091508
0.0007698516924894203
0.0007707109054565751
0.0007715304597427449
0.0007722390624264506
0.0007728992555189382
0.0007736325707265039
0.0007743387035956594
0.0007750770786249537
0.0007757936918543285
0.0007764798678445373
0.0007770603795511163
0.0007775493360980187
0.0007780609990098831
0.0007785793993876791
0.0007789691753681468
0.0007793846908522361
0.0007798633312885902
0.0007803208259922807
0.0007807823719487811
0.0007813200794141173
0.0007818847046262671
0.0007823499202649925
0.0007828073015543629
0.0007833136771117178
0.0007838080336599328
0.0007843455066844126
0.0007848488311739442
0.0007853792349575565
0.0007860112375812144
0.0007867255250013852
0.000787351610478862
0.000787872077027662
0.0007883366352299912
0.0007887724815113016
0.0007892620261359146
0.0007898309734888899
0.0007903695240963402
0.0007909598897235447
0.0007915333091783715
0.0007921607557895393
0.0007929429767599996
0.0007937231708322146
0.0007945455347384208
0.0007954063655937069
0.0007964523870022577
0.0007974749263746713
0.0007984616101699209
0.0007993680975556295
0.0008003328172253891
0.0008012121840303013
0.0008021694895519005
0.0008031947554437067
0.000804201988129902
0.0008053131341210917
0.0008063647038896684
0.0008074098679422984
0.0008084158053404989
0.0008093564938465596
0.0008104348734506799
0.0008116415169510736
0.0008130405971685487
0.0008144573763975672
0.0008158454612105549
0.0008172451232265568
0.0008187475680627426
0.0008200161984651879
0.0008212730238861597
0.0008225485078234528
0.0008239422477441509
0.0008252782955884963
0.0008265612235949009
0.000827741635275568
0.0008287886392529369
0.0008298787380335417
0.0008309559928284222
0.0008320172457884337
0.0008330889867745573
0.00083420603195096
0.0008351656580994659
0.000836174269850687
0.000837165919563881
0.0008382521347561256
0.0008392517989878533
0.0008401874296046454
0.0008411641114679906
0.0008421316694070867
0.000843031207931296
0.0008438228835814459
0.0008445192968810788
0.0008452273464726906
0.0008458636088672925
0.0008464249302484194
0.0008471207507333965
0.0008478693003089924
0.0008485965917533307
0.000849391055825983
0.0008502121810594756
0.000851124994216634
0.0008520678314582324
0.0008529987542060751
0.0008538725387527878
0.0008547200307428421
0.0008554871976435954
0.0008562774926281094
0.0008571378010395276
0.0008579522855660316
0.0008587199692229147
0.0008594098209406116
0.00086010155498123
0.0008607343841131205
0.0008613436631933585
0.0008619861642396717
0.0008625918892901383
0.0008631980045049545
0.0008637290436915628
0.0008642052725230464
0.000864629520845381
0.0008650010703517715
0.0008653093520040767
0.0008655783127711404
0.0008658412749067
0.0008661512664931947
0.0008664622990697745
0.0008668382231660944
0.0008671509378778079
0.0008674805570285493
0.0008678500611082424
0.0008682232435917738
0.0008686357608831198
0.000869114412496828
0.0008696038628101963
0.0008700921474306103
0.0008705592055098613
0.0008710738697268928
0.0008716942673181654
0.0008722290178867864
0.0008727944655710889
0.0008733778988734278
0.0008739268367318591
0.0008744594893427731
0.0008750549703931081
0.0008756362752401361
0.0008762118378170572
0.0008768583903132148
0.000877546616270287
0.0008782269204883857
0.0008789801295938196
0.0008797536788826644
0.000880524437100981
0.000881249070991254
0.0008819593163362772
0.0008826141118239344
0.0008832972720835942
0.000883961026973636
0.0008846261820317313
0.0008852759784318528
0.0008860158849732619
0.0008868447310949915
0.0008876243304999625
0.0008885339831911376
0.000889436363513955
0.0008904770289333996
0.0008915095477588806
0.000892542568408026
0.0008935525404939715
0.0008947756308591881
0.0008960405933494808
0.0008972017277549539
0.000898428926052691
0.0008996534133856436
0.0009008700992393883
0.0009020615819705354
0.0009033001736306152
0.0009045203764745429
0.0009056350550399972
0.0009067456237613933
0.0009078061676116518
0.0009089859887498131
0.0009102279711419033
0.000911427432266554
0.0009126997974285338
0.0009140450160348119
0.0009155551524377395
0.0009171368734609384
0.0009189079067859888
0.0009208730295753926
0.0009227351766138621
0.0009246105859529043
0.0009264065278216697
0.0009281803337569881
0.0009298670231453069
0.0009315062631062925
0.0009331916435902849
0.0009347379886734671
0.0009360956749360847
0.0009376150341289265
0.000939218338365577
0.0009408573344434768
0.0009424410158806129
0.0009441453442209354
0.0009459679155191622
0.000947788730462725
0.0009496154089891335
0.0009514560209087288
0.000953287748803405
0.0009550430807333005
0.0009566023619049043
0.0009582475212803413
0.0009599817744027194
0.0009617431318713708
0.0009634505340789762
0.000965306781927115
0.000967000381801074
0.0009688901201371831
0.0009707785064570232
0.000972754924287187
0.0009747283136615772
0.000976721421393941
0.000978535738875118
0.0009803813231710297
0.00098202297557423
0.0009835757093757073
0.0009851586989836302
0.0009869205336786129
0.000988533238873065
0.0009899998439793038
0.0009914793396277502
0.0009928671189969067
0.0009942138166663976
0.0009957353494722235
0.0009971479809090132
0.0009985309809820335
0.000999917100811519
0.0010012654961300477
0.0010025167493510725
0.001003672632907469
0.0010047615566315562
0.0010058582618433015
0.0010069810284833735
0.0010080056949718337
0.001009108687075244
0.0010102741188062645
0.0010116012598327159
0.0010129558540404478
0.0010142817022469144
0.0010154814105292967
0.001016711901005611
0.001017859781259242
0.0010190808871967528
0.00102021211440673
0.0010214414643319738
0.0010227673289109629
0.00102405832411226
0.0010252781462617554
0.0010265200461116635
0.001027744667477651
0.0010290558127593313
0.0010303649911601715
0.001031716457546271
0.001033014283934061
0.0010343889337295071
0.0010357625034003032
0.001037319365413889
0.001038792864104245
0.0010402953561000146
0.0010418294329781973
0.0010433287489080138
0.0010447995866000473
0.0010462170182573027
0.0010476515057461096
0.0010491494825947822
0.0010506136970487895
0.0010519779022688204
0.0010533609678064746
0.001054594926746481
0.0010558304339870963
0.0010570742781001977
0.0010583253681700775
0.0010596856018269144
0.0010609761536456268
0.0010623349170470963
0.001063657631649716
0.0010649596534671876
0.0010663905581592315
0.0010680331573944726
0.0010695707395953881
0.0010710342493936815
0.0010724819972620803
0.0010739859566122137
0.0010754726120635158
0.0010768875664032348
0.0010783263957570512
0.0010795633971016018
0.001080806656361479
0.0010820616455255666
0.0010833864384472318
0.0010846987386617273
0.001086058166712713
0.001087457837331324
0.0010889125881269244
0.0010902311983656775
0.001091507077033111
0.0010928224052946395
0.0010941746540493646
0.001095484839121634
0.001096791469559101
0.001098199904088017
0.0010996079579940153
0.0011010049312335068
0.001102450504515044
0.0011038245488262052
0.0011053297466312496
0.0011069159753118029
0.0011083700912434345
0.001109707891630887
0.0011110901097667266
0.0011124050679554845
0.001113720571875554
0.0011150203972282878
0.0011162823983140618
0.0011174961187094905
0.0011185908887594782
0.0011195352116010159
0.0011204870264407976
0.0011213168239985279
0.0011222319741105338
0.0011231769498730906
0.0011240977529885653
0.001125039626507667
0.0011258950456015618
0.0011266821165562143
0.0011273902556555953
0.00112807247924744
0.0011287214012786454
0.001129406798052779
0.0011300865085154975
0.0011307823354124152
0.001131478060072021
0.0011321681099133439
0.0011328528018796462
0.0011335951280449482
0.0011343119410915205
0.0011350000855855026
0.0011356609204766297
0.0011362708834039678
0.0011368594634742516
0.0011374050558847079
0.0011380419670168173
0.0011387319321432652
0.0011393681149118786
0.001140023492052583
0.0011405872399036523
0.0011411209764400835
0.0011415936317613806
0.0011419462564383619
0.001142316668349268
0.0011426215044364235
0.001143018086196473
0.001143401013147655
0.0011437853896276331
0.0011441199003697205
0.0011444612637456905
0.0011448460624121427
0.001145302520441153
0.0011457343362215615
0.001146189470321736
0.0011466575267849255
0.0011470958779629054
0.0011475679457925191
0.001148046259148736
0.0011485006220966917
0.0011489617998532205
0.001149403840470471
0.0011498426793110645
0.0011502968583465638
0.001150724554747229
0.0011511335793628443
0.0011514563592250292
0.0011517216001983958
0.001151981554697987
0.0011522455519238299
0.0011525438171463287
0.0011529815129821509
0.0011534166230601638
0.0011538811450007627
0.0011543569631393357
0.0011548158472055804
0.0011551883664292053
0.0011555940927850544
0.0011559741115234796
0.0011564327124391283
0.0011569000448654956
0.0011574433315744718
0.0011579219387662897
0.0011583526354572188
0.0011587496126880938
0.0011591767530119534
0.0011596017215514253
0.0011600453203888144
0.0011604814298799906
0.0011608585558984562
0.0011612499961457551
0.001161644262379854
0.001162062815965419
0.001162544311157923
0.001163196266283039
0.001163856289605326
0.0011646309523867288
0.0011653724826610904
0.0011661135206918658
0.0011668824514471077
0.0011677311426924663
0.0011685887123974836
0.001169448515681439
0.0011702786294771341
0.0011710960307159519
0.0011717854814770094
0.0011724427708954843
0.0011730064025678075
0.0011735233961974927
0.001174145252029276
0.0011747056873185207
0.0011752223313911002
0.001175759408791987
0.0011762118903739067
0.001176544357988062
0.001176953355753461
0.0011773706967914991
0.0011777902049953741
0.001178211006903112
0.0011785741541645
0.0011789293641067211
0.0011792285093741894
0.0011795671760649515
0.0011798719252413888
0.0011802123592835796
0.0011806412260216873
0.0011810442000192503
0.0011815542921852162
0.00118202581820775
0.001182442267224237
0.001182837277535277
0.0011832204253688621
0.001183625402447825
0.001184053008569162
0.0011844745052254461
0.001184909582500301
0.0011853358913246623
0.0011857787305958607
0.0011862268091014224
0.0011866879511946795
0.0011871960931665246
0.0011876074918424585
0.0011879414799929428
0.0011882747501364057
0.0011885864912873577
0.0011888831746955171
0.0011892045826754833
0.0011895247773671884
0.0011897509072482538
0.0011900179841031653
0.001190336503122279
0.0011906007821057042
0.0011909412622759731
0.0011912979731095665
0.0011917288113677215
0.0011920655572409404
0.0011923260743158424
0.001192592642062596
0.001192878244518706
0.0011931801737947276
0.0011934315246781549
0.0011936873328638644
0.0011939235038639195
0.0011941349427227214
0.0011942780326268528
0.0011943785888763967
0.0011944613872640314
0.00119451710578672
0.0011945627116704469
0.0011946200128164464
0.001194714274200384
0.0011948228183093154
0.0011949228975439681
0.0011950142324825604
0.001195132374326232
0.001195239527898985
0.0011953429324197276
0.0011954541169032534
0.0011955474913561816
0.0011956403651078211
0.0011957629120079847
0.00119583337545358
0.0011958976450264912
0.0011959947127894313
0.0011960577473313235
0.0011961628475846016
0.0011962605539985929
0.001196361464434153
0.0011964901432389417
0.0011966034104090712
0.0011966720366566555
0.0011967272357159338
0.0011967809412743086
0.001196836610055975
0.0011969003429048658
0.001196992053631039
0.0011970791145423662
0.0011971614079867327
0.001197224938051377
0.0011972830485759201
0.0011973594925610523
0.0011974678254559198
0.0011975591527891168
0.0011977103775213725
0.0011978462701308853
0.0011979664923754262
0.001198133297539819
0.001198276216217278
0.0011984286616815653
0.0011986268158680443
0.001198918367696732
0.0011992299762138853
0.001199549635469586
0.0011998142851155802
0.0012000846547077534
0.0012003938490350234
0.0012007302880539376
0.0012010687886465075
0.001201426259895995
0.0012017686830351401
0.001202074661109423
0.001202395720109467
0.0012027499789063133
0.0012030575057836415
0.0012033693890190046
0.001203706661770025
0.0012041187123951159
0.0012045510997435956
0.0012049963969790417
0.0012055178286187597
0.0012060682229579694
0.00120667314873833
0.001207266774900877
0.0012079445856714524
0.0012087500127508201
0.0012095102284447406
0.0012103160688705906
0.0012110377551866373
0.0012116378942391612
0.0012121741673782455
0.0012127689521236528
0.001213448876681237
0.0012141289410526005
0.0012146907686399933
0.0012152649433917995
0.001215721627229183
0.0012162253793207834
0.0012166588975017847
0.0012170773032963403
0.001217409289838317
0.0012177699111234344
0.001218152027608005
0.0012185638975367224
0.0012189549556211082
0.001219403853316424
0.0012198770523935874
0.001220410129246195
0.0012208823913652156
0.001221326934480208
0.0012217399605716035
0.0012221259638953105
0.001222562278405089
0.0012229246001963575
0.0012233506542264178
0.00122385467795886
0.0012244057795419091
0.0012249792524304955
0.00122554446595918
0.0012261418401221065
0.0012267999793096566
0.0012273681079283832
0.0012279001007014336
0.0012283669192876623
0.0012288543345659536
0.0012293790257658671
0.0012299696092629231
0.001230535325948905
0.0012310657781421947
0.0012315949454973242
0.001232104201744285
0.001232708551148689
0.0012333173776316276
0.0012338262222701135
0.0012343365760832136
0.0012347805787748059
0.0012352053570419417
0.0012355769040394925
0.001235969071751889
0.00123640612353014
0.0012368771097732824
0.001237331971841202
0.0012376506086253817
0.0012380238004150897
0.0012384377354692211
0.0012389147929986616
0.0012394437355541322
0.00123991947550725
0.0012403036498465129
0.0012406983071280347
0.0012410944157570122
0.001241436542207853
0.0012417608506508084
0.0012420736692091603
0.0012424288607560505
0.0012426910871192465
0.0012428906120826389
0.0012430276461720309
0.001243181765094934
0.0012432738572050557
0.0012433945118508565
0.0012434815944172746
0.001243630117963274
0.0012436860695283468
0.0012437747381510516
0.0012439595168376152
0.0012441167946293443
0.0012443109351280943
0.001244472090700372
0.0012446521168886998
0.0012448598045901624
0.001245021245671257
0.0012451838157924615
0.0012454143989746723
0.0012457085189397548
0.0012459557078137798
0.001246175422612986
0.0012464592199823313
0.0012467592166783444
0.0012470263884051327
0.0012473429264428407
0.0012475888713463972
0.0012478492567250363
0.0012481286568163386
0.0012483835825765242
0.0012486438714428528
0.0012488937611670164
0.0012491044881660655
0.0012492928202389943
0.0012494864152390328
0.0012496792862012678
0.0012498876934090737
0.0012500837819288935
0.0012502333820218993
0.0012504145798608766
0.001250585407916649
0.0012507532819515338
0.0012509454974897402
0.0012511793049898338
0.001251399501728004
0.0012515641784393437
0.001251708404766141
0.0012518361005974957
0.0012519302514518366
0.0012520385719733981
0.0012521290385682292
0.0012522333519796906
0.0012523187861169722
0.0012524059640729678
0.0012524795448845551
0.0012525765805658027
0.0012527076668991844
0.0012527834936029115
0.0012528688839255
0.0012529257512989879
0.0012529569880732733
0.0012529693470906312
0.001252975466074803
0.0012529782336797488
0.0012529782336797488
0.001252989038429624
0.001253011539001055
0.001253011539001055
0.001253039291651537
0.001253039291651537
0.0012530498379384894
0.0012530498379384894
0.0012530498379384894
0.0012530498379384894
0.0012530648727669684
0.0012530995627179954
0.0012531512180533062
0.0012531803043338363
0.0012532251093700377
0.0012532910479369928
0.0012533648927235896
0.0012534545294849253
0.0012535220502114066
0.0012535314687483594
0.0012535380425252945
0.0012535647099021815
0.0012535785370554329
0.0012536036670985021
0.0012536036670985021
0.0012536054138392301
0.0012536186600921057
0.0012536325576869697
0.0012536412325907596
0.0012537186909172724
0.0012537980515191875
0.0012539336399562144
0.0012541445158392676
0.001254315146733993
0.0012545197872732734
0.0012547373518180312
0.0012549485734203827
0.001255243240407229
0.0012554989519372724
0.0012557279090361626
0.0012559630426365652
0.0012561208394164674
0.001256272153959419
0.0012564496857683436
0.0012566904427276009
0.0012569527494529283
0.0012571859403536574
0.0012573518143996856
0.0012575351545848156
0.001257772481756966
0.0012580300325660118
0.0012581850199647033
0.0012583486882267847
0.0012585210577897563
0.001258689568764851
0.0012588902485904563
0.001259063580649343
0.0012591798823283907
0.0012592560104612302
0.0012592560104612302
0.0012592615977106345
0.0012592615977106345
0.0012592636608289487
0.0012593609586531397
0.0012595031683484905
0.0012596008371090041
0.0012597258325076622
0.0012598225254900413
0.0012598799984764293
0.0012599126605516776
0.001259919037197061
0.0012599391020496902
0.0012599391020496902
0.0012599391020496902
0.0012599442245324619
0.0012599442245324619
0.0012599442245324619
0.001260042046321646
0.0012601001960324087
0.0012601958947203373
0.0012603301924899203
0.0012604750645096622
0.0012606217229497905
0.0012608404870108722
0.0012610458958557291
0.0012611626607256705
0.001261252451595248
0.0012613844248548084
0.0012614784734635153
0.0012615985992076304
0.0012616844735928523
0.0012617952225837698
0.0012618716888080856
0.001261929098459385
0.0012619761439951794
0.0012620154284197999
0.001262047854065754
0.001262047854065754
0.001262047854065754
0.001262047854065754
0.001262047854065754
0.001262047854065754
0.0012620554478652824
0.0012620804295215887
0.0012621287033891513
0.001262152361078934
0.001262174402642565
0.001262246311680017
0.001262356152605928
0.0012624355231273968
0.0012625123375360307
0.0012625625127990847
0.0012625950070877137
0.0012626180210525723
0.0012626267467096897
0.0012626438248053713
0.0012626737921656195
0.0012627001022577165
0.0012627247595791305
0.001262742081692225
0.001262773877534007
0.0012628042619129514
0.001262811412017962
0.0012628256460310186
0.0012628529496077133
0.0012628920563282624
0.0012629297866728053
0.0012629804370547684
0.0012630475609610192
0.0012631064544492232
0.0012631612083740108
0.0012632081924734396
0.0012632591843337452
0.001263316647887197
0.001263411159259782
0.0012634890111547276
0.001263590296190229
0.0012636701142643484
0.0012637344975828715
0.001263832720484687
0.001263923375174498
0.0012639978851350236
0.0012640421057680228
0.0012640650919850333
0.0012640999602050844
0.0012641062498028276
0.001264109394767356
0.001264109394767356
0.001264109394767356
0.0012641212589869517
0.0012641344136851936
0.0012641331937169042
0.001264119315029303
0.0012641155377214708
0.0012641151291634689
0.0012641057390747263
0.0012640956422134697
0.0012640869053074273
0.0012640771616538912
0.0012640766082719595
0.0012640766082719595
0.001264078481233907
0.0012640799449047842
0.0012640932510187036
0.0012641063791488539
0.001264110679357018
0.0012640897877845827
0.0012640701366179545
0.0012640537690380255
0.0012640492671408606
0.001264039466068504
0.0012640061797921766
0.0012639470249652066
0.00126392281270322
0.0012638905521493266
0.0012638786531555938
0.0012639119124895478
0.001263902823383454
0.001263873390363265
0.001263822258677484
0.001263784332970871
0.0012637635187479567
0.0012637535450614643
0.0012637441330223132
0.0012636645110528357
0.0012636159013905694
0.001263534510318406
0.0012633924336503714
0.001263146820703471
0.0012628729747190272
0.0012625173996763039
0.001262136443983613
0.001261730703339688
0.0012613469506269318
0.0012609049169288074
0.0012605297826434755
0.0012600186230377047
0.0012594575308577524
0.001258923874280758
0.0012583891749919703
0.0012578735142512512
0.0012573266040320531
0.0012567676944921712
0.0012561834941489834
0.0012554947078076053
0.0012547684865506458
0.0012540238416286127
0.0012532071790140266
0.001252368176387827
0.0012515562296346455
0.0012508506627047493
0.001250165307564378
0.0012495593143160085
0.0012489766000854832
0.001248452727330901
0.0012479078446183602
0.0012473432773289557
0.0012467365626074366
0.0012461727507887535
0.0012456118843890728
0.0012449521407683233
0.0012443167751036933
0.0012436373638144399
0.0012429181346276966
0.001242230560117301
0.0012415383322888236
0.0012408414743439327
0.0012401237320405617
0.0012393141646889233
0.001238534769508866
0.0012377879403690265
0.001236971246320982
0.0012360325238030706
0.0012351577752310592
0.00123435414577869
0.0012335665219629706
0.0012327359267283549
0.001231970758143325
0.001231118505033145
0.001230151439872975
0.0012291387668654943
0.0012280973958240043
0.0012271070684725764
0.001226108057624173
0.001225233817959663
0.001224267736807065
0.0012232206764395243
0.001222186378974011
0.0012211170574043296
0.0012200716500205197
0.0012189102917749767
0.0012178274761627927
0.0012168727832306207
0.0012158507867810993
0.0012149119064477304
0.0012139558782003508
0.0012130326317828007
0.0012121337166548264
0.0012112391236239646
0.0012102304183887569
0.001209131252891765
0.0012081761219532151
0.001207222209320314
0.001206200313891668
0.0012051869983560938
0.0012041937980605119
0.0012030203418663113
0.00120180888633439
0.0012005237205573321
0.0011991980710813308
0.0011979178112666033
0.0011965794273164929
0.0011952542326401586
0.0011939697851030041
0.0011926427112128153
0.0011912844234183387
0.0011898682017079806
0.0011884537211391264
0.0011870709616875026
0.0011859228668589458
0.00118475632711088
0.0011835997239460435
0.001182544495434151
0.0011813715892254907
0.0011801129337933025
0.001178821774695006
0.0011776531800783507
0.001176506752514114
0.0011753720560240162
0.0011741244388629747
0.0011728656995183095
0.001171661138977193
0.0011704289977576554
0.0011691528011062722
0.0011677784321600239
0.0011663435133469659
0.001164877150785845
0.001163534165433615
0.0011620703075243377
0.0011606528056128226
0.001159305795922193
0.0011579732652479782
0.0011564744756055367
0.0011549401424241802
0.0011535242383817455
0.001151959751298931
0.0011504474751852826
0.001148869739545238
0.0011472960370557442
0.0011457924079306533
0.0011441419895530888
0.0011424338470732583
0.0011405721389864593
0.001138699306168005
0.0011368423778998513
0.001134616548508519
0.001132233993698859
0.0011300091747056243
0.0011278901010612322
0.0011258428574663776
0.00112366490647881
0.0011214889641052875
0.0011192440654517403
0.0011169664421803436
0.0011145549745287164
0.0011120855881625545
0.0011096524419049623
0.001107045106800307
0.0011043197706254925
0.001101517771776667
0.0010988253118761112
0.0010961979550801314
0.0010935678964689643
0.0010909560212997585
0.0010881732767940569
0.0010855625034757342
0.0010828285828780799
0.0010800467715010027
0.0010773496908236934
0.0010745953833553661
0.0010718802395133923
0.0010693606830183026
0.0010669800271273049
0.0010645549085989325
0.0010622126126234653
0.001059859814828108
0.001057225657139059
0.0010546408952747605
0.001052203827045395
0.0010497483598243568
0.001047510904920505
0.0010455366009332477
0.001043421035104844
0.0010413475550558433
0.0010393528004031208
0.001037321596507279
0.001035164010436895
0.001032923939525026
0.0010306146259905342
0.0010282318738358703
0.0010258547501735182
0.001023528452303465
0.0010211885264628903
0.001018855751289552
0.0010165090818039784
0.0010141160725697074
0.0010115910518030324
0.001009116653593792
0.0010064946318845641
0.0010037521730267426
0.0010009807733971146
0.0009977656610546336
0.000994477527659883
0.000991074461353362
0.0009875644898387406
0.0009839991768684465
0.000980161335393861
0.0009759761206607008
0.0009715544337018546
0.0009670932851518405
0.0009626183683232024
0.0009580081403463536
0.0009534470760000568
0.000948647346094869
0.0009437679387085109
0.0009388634921212438
0.0009339962369257316
0.0009290694209288973
0.0009237559429887774
0.0009181512687315966
0.0009123916486303565
0.0009065906255307201
0.0009008728903276887
0.0008949302792814588
0.0008887766345919397
0.000882801495405363
0.0008771873439415536
0.0008717143017212021
0.0008663348792520809
0.0008611218726099802
0.000855842036744856
0.0008507235253051611
0.0008457912098177563
0.0008408969829408336
0.000836033434729963
0.0008310838359964558
0.0008260924640734541
0.0008212293298665254
0.0008165332538810251
0.0008116199185677491
0.0008064953079873696
0.0008012134009627095
0.0007960291755981203
0.0007905035370115085
0.0007852429736289587
0.000779677442879508
0.0007743050707164443
0.0007689993787273668
0.0007638829149616743
0.0007587713784914679
0.0007537275358158626
0.0007488316953844161
0.0007437970219645701
0.000738758362223563
0.0007334783489160619
0.000728128405449405
0.0007231062464142106
0.0007182172450879429
0.0007134368873303625
0.0007086412145814214
0.0007036116099948586
0.0006985558578494471
0.0006936890418840069
0.0006887218782525258
0.0006837217550341857
0.0006788006547074597
0.000673757440169531
0.0006688137500423446
0.0006637906278193863
0.0006587750990184808
0.0006539822623895285
0.0006491501233267015
0.00064436701767124
0.0006398785186973175
0.0006354976502246901
0.0006312364794228898
0.0006270912675359015
0.0006230804644892452
0.0006190624934013858
0.0006148126420795585
0.0006107046258351694
0.0006066226611176348
0.0006024225223181885
0.000598356365944875
0.0005943358695071256
0.0005904442401522287
0.0005865205380239015
0.0005824289164998985
0.0005783071771663927
0.0005740102983334814
0.0005698372957343221
0.0005656494659896733
0.000561535318440482
0.0005573887593304975
0.0005533196841619054
0.0005491728421319551
0.0005449266921412184
0.000540335041551881
0.0005359609050471598
0.0005316685478783977
0.0005273124627421608
0.0005229978964692438
0.0005185471362760374
0.0005141146326475409
0.0005096930843597051
0.0005053646404037729
0.0005010559725046766
0.0004966271001693512
0.0004919725742485358
0.000487244626501817
0.00048240088308858274
0.0004775793457968991
0.0004728034100378076
0.0004677777665652968
0.00046275894732871413
0.00045756199324460217
0.0004525643022737597
0.00044789288157560025
0.00044317026941061226
0.000438382205036306
0.0004337418305844974
0.00042933003470076723
0.0004248633874838616
0.00042037966198373093
0.0004158828425989306
0.0004114012719034665
0.0004069895332117212
0.00040252752085392457
0.0003979815768977892
0.00039351654863416317
0.0003889475994116619
0.0003840190678893323
0.0003792993101530485
0.00037454389782894397
0.00036992931928541334
0.0003652916018518687
0.00036070507215642456
0.0003562378848554153
0.0003519974045585508
0.0003477815895819183
0.00034378334551658974
0.0003396049015954257
0.0003355179467005689
0.00033135123067231124
0.00032723585826998367
0.0003232406830894409
0.0003191111801995367
0.00031511800039540184
0.0003109151683935894
0.0003068241541546808
0.0003024896961358071
0.0002980673632386734
0.00029364758006563476
0.0002894082199914763
0.0002849753524038807
0.0002804948545674701
0.00027594917818065117
0.00027138407854675
0.00026681768192309387
0.0002620949378584276
0.0002574293638771324
0.0002529265371510396
0.00024835814395572577
0.00024389504235432536
0.0002395619024662641
0.00023526062656178726
0.00023104513725809533
0.00022680083004993732
0.0002225160688183929
0.0002181286523531261
0.00021395946357405873
0.0002096211580654909
0.00020523954189059613
0.00020089121166556824
0.0001964730986842402
0.00019214627322993092
0.00018748266258098229
0.00018287954213246855
0.0001782731844019889
0.0001735468588678815
0.0001687001322141172
0.00016414396228461715
0.00015971100426262144
0.0001555433077240768
0.0001514486360676555
0.00014720781137771594
0.00014297370553883183
0.0001386059294341364
0.00013410034139258026
0.00012976897221904623
0.0001255085045687152
0.00012112865497995989
0.00011654643975841175
0.00011184831290975288
0.00010725261984338105
0.0001026364397550849
9.779142004369235e-05
9.276801515863959e-05
8.752138348653631e-05
8.236383149918976e-05
7.70193571643109e-05
7.181810028446526e-05
6.667432052474754e-05
6.19204697066572e-05
5.7055063712281004e-05
5.220277463424515e-05
4.737959996234176e-05
4.281043963368105e-05
3.801805473255321e-05
3.341661463024852e-05
2.8786509141473738e-05
2.413272852454466e-05
1.9530458723006623e-05
1.5072792897523531e-05
1.0692540754822924e-05
6.31152255338854e-06
1.997347129721781e-06
-2.406061958272057e-06
-6.9824849080649144e-06
-1.1488570250603668e-05
-1.5965195586695196e-05
-2.0133516295928582e-05
-2.4144741922672784e-05
-2.796763117294741e-05
-3.165532793850338e-05
-3.5574487873821076e-05
-3.956464351217794e-05
-4.3404948568502195e-05
-4.727071519668926e-05
-5.11368649986205e-05
-5.510273316785366e-05
-5.895834527201794e-05
-6.261441319485498e-05
-6.621997838705027e-05
-6.974321354421847e-05
-7.328058286466878e-05
-7.688219894387742e-05
-8.049675248826957e-05
-8.411991405764156e-05
-8.794314717051588e-05
-9.159739169086947e-05
-9.528002787286027e-05
-9.89122591887744e-05
-0.00010257223665324993
-0.00010611840854735697
-0.00010960866725824292
-0.00011309375072397013
-0.00011670970296931742
-0.00012040977788575262
-0.00012428314083157976
-0.00012797761005623644
-0.000131702985555446
-0.00013541131574731948
-0.00013924866130598558
-0.00014277930937493832
-0.00014612715675043275
-0.00014956322121792906
-0.0001530139156148921
-0.00015642283497583676
-0.0001598900503531411
-0.00016330788085871866
-0.00016689430374964933
-0.00017061121443088137
-0.00017446324709802507
-0.00017838976164273357
-0.00018239040350267557
-0.00018633027443241311
-0.00019015163437683056
-0.00019405666818028819
-0.00019782429566616677
-0.00020146415290468546
-0.00020499077309390468
-0.00020847248311010587
-0.0002121204578161949
-0.00021566332230671
-0.00021928929428990425
-0.00022293008650274896
-0.00022666713292169742
-0.00023047218697492348
-0.0002340911340122671
-0.00023791561470525193
-0.00024166673492843153
-0.0002455782957844691
-0.00024940283428725676
-0.0002533273764843174
-0.0002571857492756482
-0.0002609048980937531
-0.00026446483243079206
-0.0002681369335366845
-0.00027162791600296546
-0.0002751009096040374
-0.0002783690519804397
-0.0002816898658538215
-0.0002851466503073502
-0.0002885764492195089
-0.00029231073334977647
-0.0002958439770549384
-0.00029939860974995765
-0.0003029552192668169
-0.0003066883961281059
-0.00031045854227503494
-0.00031433866461798895
-0.00031830617608697315
-0.0003222668112794845
-0.00032625592928715473
-0.00033020913786493316
-0.00033421784251981454
-0.0003381367393511213
-0.00034205882911915545
-0.0003457199597403545
-0.0003493460041612058
-0.0003531710445987108
-0.0003571623931244671
-0.00036126613503455397
-0.00036535888863882977
-0.00036953963532087626
-0.00037364922612215284
-0.000377919954963178
-0.00038218982901697324
-0.0003863547517228083
-0.00039058441932009695
-0.00039475838421225076
-0.00039880691731670093
-0.0004029516753584496
-0.00040696844037841685
-0.0004110490629496374
-0.0004149424947425896
-0.00041899294264364454
-0.00042308244025214217
-0.00042703566364859607
-0.00043096437899635333
-0.0004349174706023593
-0.00043886580685418116
-0.0004429300448391612
-0.00044668926434630516
-0.000450364222743101
-0.00045405738462926253
-0.0004578248516790043
-0.0004617884869086456
-0.00046578759642620227
-0.00046931842731733596
-0.00047289901027681427
-0.0004766244971819675
-0.0004804241448780527
-0.0004841108313204272
-0.0004879386560656474
-0.0004918880765184459
-0.0004960101129305077
-0.0005003565957130162
-0.0005049546162437604
-0.0005098467600144862
-0.000514825951261189
-0.0005197043296660061
-0.0005248385576652835
-0.0005299916996948439
-0.0005348493715696476
-0.0005396904515960376
-0.000544648427972337
-0.0005496907092744681
-0.0005548479222243553
-0.0005600276231583491
-0.0005651940846629792
-0.0005699201389290607
-0.0005744343089870979
-0.0005788639670234151
-0.0005833502488894972
-0.0005879253734115938
-0.0005926029751703746
-0.0005970787715294286
-0.0006016687920230769
-0.0006061414875883931
-0.0006104239629282746
-0.0006146714325076124
-0.0006189721121880306
-0.0006230416544444173
-0.0006271920881086837
-0.0006316582660625268
-0.0006361201674163577
-0.0006405385173035994
-0.0006452019037147984
-0.0006498165058117973
-0.0006544975838836484
-0.000658934205557035
-0.0006633810280702631
-0.0006679356267196093
-0.0006723436524061818
-0.0006766785484652313
-0.000680820826848687
-0.0006850400350756475
-0.0006894235361737298
-0.000693804289811337
-0.0006983131593511027
-0.0007027346565984856
-0.0007073116387004505
-0.000712027101602744
-0.0007167515466615353
-0.000721366293959694
-0.0007260986908377782
-0.0007305499136137436
-0.0007349330143372055
-0.0007394036002489592
-0.0007439855522506363
-0.000748552282824789
-0.0007532145685510588
-0.0007580150119801163
-0.000762637245668374
-0.0007673435777665417
-0.0007721721369382365
-0.0007770432840297065
-0.0007818718352851646
-0.0007865939457921485
-0.0007910763798825296
-0.0007954519964486194
-0.0007998180864712947
-0.0008042725203480465
-0.0008086337594272731
-0.0008128027839943105
-0.0008171378857883024
-0.0008213950961859115
-0.0008254968854613326
-0.0008295386982613308
-0.0008337662680000537
-0.0008381547448005223
-0.0008426528482364973
-0.0008471650532037368
-0.0008513084054764091
-0.0008550542600811086
-0.0008586479072903992
-0.0008622864819758593
-0.0008656904196400641
-0.0008692709261827707
-0.0008728762156714336
-0.0008765068399701251
-0.0008801650874895936
-0.0008839129683496419
-0.000887735355983922
-0.000891515890400211
-0.0008951134641978111
-0.0008985864643912023
-0.0009020560992080405
-0.0009053451269389036
-0.0009084760789232505
-0.0009116002484154243
-0.0009147587371861257
-0.0009179750376086397
-0.0009212265915741898
-0.0009244249298429727
-0.000927537062748482
-0.0009307674863389035
-0.0009338519169433376
-0.000936900815668087
-0.000940050764282459
-0.0009433787089934824
-0.0009467871203718092
-0.0009500586964810912
-0.0009533206478078615
-0.0009567166555555631
-0.0009600527826861454
-0.0009634839499175721
-0.0009667042990294203
-0.0009700903018323155
-0.0009736500641248308
-0.0009773293541998351
-0.0009810300674174897
-0.0009848850647445804
-0.0009888042478740147
-0.000992803895550868
-0.0009968514579948545
-0.0010010903722162754
-0.0010053413630178218
-0.001009517469029702
-0.0010136496051273611
-0.0010176814747887937
-0.001021753873985554
-0.00102588642849408
-0.0010297288365569434
-0.0010335121216946382
-0.001037408589307996
-0.0010410966832624167
-0.001044974303629216
-0.0010486242318931928
-0.001052256011047788
-0.0010559371584199211
-0.0010594886320657833
-0.00106321382924457
-0.0010669508058525454
-0.0010705498661396492
-0.0010742497802373647
-0.0010777682048611595
-0.001081247406936796
-0.0010847225000664765
-0.0010882598682727326
-0.0010915220688834863
-0.0010947399824273003
-0.0010979415967290736
-0.0011012004441123143
-0.0011042926085490913
-0.0011072675522585923
-0.0011103051164822384
-0.001113051459514425
-0.0011156770035153235
-0.001118063842692558
-0.001120626792457644
-0.0011232197662310378
-0.0011257768808715846
-0.0011282192340638186
-0.0011304714332204138
-0.0011328669005918786
-0.0011355329296742869
-0.0011381241482754031
-0.001140573038048916
-0.001143059757413933
-0.0011455055949246584
-0.001148093829299003
-0.0011507297239015492
-0.0011532312851973605
-0.0011557303040924604
-0.001158190077412813
-0.0011604750635658564
-0.001162668097257613
-0.0011650329672617716
-0.001167415412692975
-0.0011698502841435772
-0.0011724791058482509
-0.001175068433819771
-0.0011776591801778633
-0.0011804006834905247
-0.0011830787026418427
-0.0011857444085508456
-0.0011883901273198247
-0.0011910182012524503
-0.0011934561181025502
-0.0011958098792347281
-0.0011983250102289812
-0.0012006429205197338
-0.0012029663964720529
-0.0012053114809357707
-0.0012078596700167792
-0.0012103198739956906
-0.0012126353562920244
-0.001215059115459592
-0.001217497082534436
-0.0012200868172981046
-0.0012227885849767622
-0.0012253721822915711
-0.0012279878807814142
-0.001230509110377516
-0.0012329575371366143
-0.0012353830880215562
-0.0012377292568819924
-0.0012400339816100437
-0.00124233086937544
-0.0012446176595272756
-0.0012470034623300618
-0.0012494042339816153
-0.0012516106101225488
-0.0012536452287396555
-0.0012553793736643313
-0.001257254215990984
-0.0012591156232039818
-0.0012608707052416345
-0.0012628977865159503
-0.0012651767063442843
-0.001267235519554731
-0.0012692708953837256
-0.0012712803228176611
-0.0012734483378478254
-0.001275458662776641
-0.0012775714189216991
-0.0012795946680901435
-0.0012815273244549624
-0.0012834271249570594
-0.0012854079982391516
-0.0012874410638806552
-0.0012896178115755475
-0.001291764726194391
-0.0012939252774631883
-0.001296204295551869
-0.0012985004259867812
-0.0013007434290798836
-0.0013028056254804877
-0.001304843236026814
-0.0013069720528143347
-0.0013090482845001432
-0.0013112674353428877
-0.0013134539880977167
-0.0013154628926202534
-0.0013174536114620545
-0.0013196349249044166
-0.0013219101628485863
-0.0013241107666678846
-0.001326283901900282
-0.0013285538755281395
-0.0013305597798663495
-0.0013325221609206317
-0.0013345605726136748
-0.001336617352022824
-0.0013388629981699203
-0.0013411148929360463
-0.0013434051218734688
-0.0013458481676858764
-0.0013481864241588688
-0.0013504230261136112
-0.0013525717269800227
-0.0013546825760831426
-0.0013567652111394915
-0.001359085026694745
-0.0013614818896845555
-0.0013637696921418366
-0.0013660284219191856
-0.00136834163553485
-0.0013707494033773902
-0.0013733188871256426
-0.0013760766505671609
-0.0013788245375567052
-0.0013812830975062852
-0.0013837748010651896
-0.001386261770171396
-0.0013887979861166887
-0.0013910841958954295
-0.0013933937075733484
-0.0013957555587520614
-0.0013981184027515726
-0.0014004876002874848
-0.0014029562738267919
-0.0014052995527872798
-0.0014075698286076849
-0.001410095576907567
-0.001412747171945166
-0.0014155168734632725
-0.0014182934309505207
-0.0014209657985945906
-0.0014236050593352978
-0.0014261980970692175
-0.0014286749273916747
-0.0014310499556111037
-0.0014334258277083267
-0.0014359383528215048
-0.0014387268939996453
-0.001441640363140019
-0.001444568754654128
-0.0014474169133319402
-0.0014502235114208246
-0.0014529859778504106
-0.0014557535270119922
-0.001458653317611462
-0.0014617665124264663
-0.0014647933824082694
-0.0014678807152847682
-0.001471035335689356
-0.001474094988755057
-0.0014771222942200318
-0.0014801422899674674
-0.001483224069855514
-0.0014860539899932772
-0.0014890404357319111
-0.0014918838990884426
-0.0014947337545665402
-0.0014976147683661422
-0.0015006493086921386
-0.001503622979226874
-0.0015065770877890473
-0.0015093976088733033
-0.0015122089018021405
-0.0015149859856608185
-0.0015177910405064245
-0.001520626442152436
-0.001523687350580624
-0.0015266947769690296
-0.0015297326261526634
-0.0015327751025127438
-0.0015358379454028473
-0.0015387335317805651
-0.0015415310077776375
-0.001544436525429782
-0.0015471158335077244
-0.0015497923937601188
-0.0015527145016065395
-0.0015556897601578397
-0.001558712951488129
-0.0015617391407798946
-0.001564850254634753
-0.0015680912583638856
-0.0015711992855294485
-0.0015744324875140913
-0.0015775952628975137
-0.0015805413725468842
-0.0015834554521427342
-0.001586649847201836
-0.0015898129700371354
-0.0015927486931059938
-0.001595790509908543
-0.00159900888679225
-0.0016023097413371947
-0.0016054717113888714
-0.0016085222450293037
-0.0016116511994557943
-0.0016149740983133203
-0.0016182888763114464
-0.0016216946932478106
-0.0016249848199956028
-0.001628209015842141
-0.0016315288236351613
-0.0016350880779211101
-0.0016386275417551773
-0.0016420308977703336
-0.0016455924507439018
-0.0016493743582152562
-0.0016531989964844458
-0.0016569799584828463
-0.0016606776448013438
-0.0016641753809950284
-0.001667863723374627
-0.0016713143985736133
-0.0016747145644881614
-0.0016780381435116465
-0.0016813248586475945
-0.0016846475542951188
-0.0016880103122700854
-0.0016914403057473346
-0.0016948474781783296
-0.0016985646168865957
-0.001702320874663582
-0.001706006813322878
-0.0017096814605004613
-0.0017134825299476104
-0.0017172931203548222
-0.0017211997895848284
-0.0017249233608803334
-0.001728609083932017
-0.0017323996408157981
-0.0017359830566046283
-0.0017393504808782489
-0.0017428740822815522
-0.0017465807661585547
-0.0017502480318867435
-0.0017541076462296759
-0.0017579829097851105
-0.0017616798949364031
-0.00176530278650904
-0.0017690833565098393
-0.0017729152901588671
-0.0017769625701480973
-0.0017809230185293966
-0.0017847942392314623
-0.0017886393365688232
-0.001792239625320477
-0.0017958299284885802
-0.0017993011688801526
-0.0018028074301537533
-0.0018063167163054055
-0.0018098214343001855
-0.0018135738707622583
-0.0018172292148214376
-0.0018211515660484505
-0.001825025075343346
-0.0018290458746954587
-0.0018335469735872101
-0.0018382370169822489
-0.0018431206600460278
-0.001847956145931673
-0.0018528477559157071
-0.0018575584767468072
