0.0
0
0
0
0
0
0
0
0
0
0
0
0
0
0
0
0
0
0
0
0
0
0
0
0
0
0
0
0
0
0
0
0
0
0
0
0
0
0
0
0
0
0
0
0
0
0
0
0
0
0.0022083223337475174
0.0018924278923241875
0.005613255555343345
0.008858158565030581
0.0068359365813682104
0.007689717783313055
0.007563078848921699
0.0066163393353663585
0.004435928710659691
0.0020381560543698226
0.0
0.0
0.0009029078622221859
0.002556572516743658
0.0
0.0
0.004425336151056549
0.005252430268710399
0.005079799229474147
0.006224244348819446
0.00601488153251783
0.005238807650624285
0.008254449043726015
0.005484669214973316
0.0028205009155378297
0.004317102653666185
0.0025512761994295106
0.002477162258891285
0.0007330586210528856
0.0009963993200848287
0.002091721271272011
0.004036540649960486
0.007288361698668594
0.007362760483447979
0.003739643457487293
0.0030556886369009725
0.003830847359223019
0.0035736903467260815
0.004859630387899378
0.006289600264508132
0.007827459126852182
0.01094459428935352
0.010080676821916006
0.010569406331562295
0.012360841408959848
0.013949143687582632
0.013956390426151622
0.01147350609316136
0.010798313003955213
0.011688006005091968
0.013386751393866442
0.01165663800202487
0.011822025133208812
0.006354054242656771
0.005771153388869244
0.005250794840107279
0.004576015330405344
0.005055138101470949
0.006991614695662263
0.004978160215265411
0.004605130830143084
0.0047231524015881494
0.006897000095197871
0.00845553009407319
0.010106154660170855
0.011957371724638597
0.010355243765444276
0.009063885067309554
0.00952560633103703
0.013514485883845332
0.01338579862288804
0.012766675254307528
0.013818468690671175
0.013866768395209731
0.010405368948681569
0.009805178993613299
0.008082003397685675
0.008543740375754123
0.007264449246834591
0.00557650998042791
0.008267328650793172
0.007985284183483708
0.008424868456418754
0.009466101726315967
0.006709971208307148
0.007579961319890787
0.005789977961221666
0.0
0.0
0.0003797504779098901
0.001154668885501278
0.0
0.001335848491519596
0.004337306070193738
0.007755437087806017
0.007008502798626179
0.006243638747974925
0.00575832026011521
0.003840517793661441
0.002947463041395197
0.004765390123341698
0.004659967615553431
0.003804300280948842
0.003922049538864529
0.006967731629730985
0.007384935177851461
0.006691289873218667
0.009134368469792885
0.007773515910979318
0.008596531047131057
0.010861025497799928
0.011240794486357604
0.009472325354286692
0.009469021200750424
0.008188303661824183
0.008361291526034603
0.007133489752752696
0.008185242050809467
0.007380444399315192
0.009131265358957266
0.011215608959121158
0.015714028007778606
0.017073986819581218
0.01667861443104878
0.012860577114393184
0.011362646672208532
0.011852615248395891
0.01119065394473579
0.009609923683745856
0.008545772665055204
0.008519294824656631
0.008749044250848914
0.006212260528520212
0.003796201564084839
0.004886666267784898
0.003158856697107198
0.001350094844880313
0.0010967551211885393
0.0
0.00036610557481125944
0.001938819528360663
0.0
0.0
0.0
0.0
0.003265446692677362
0.0018665467329449358
0.0
0.0
0.0011025102244413096
0.0
0.0
0.0
0.0
0.0014178051655391014
0.002035669741237097
0.003392057099365715
0.005177481369392882
0.0043250248629968235
0.002372720770382333
0.0014160494266736803
0.0010398073362957371
0.00026887714219108106
0.0
0.0
0.0017487611865780394
0.0016065464792199308
0.0001133353100872732
0.00012038638874527457
0.0
0.0
0.001425366541593631
0.004243592803812763
0.0016796713035358171
0.000421767117754358
0.0
0.0
0.0007522661959684236
0.0
0.0
0.0012478988966956072
0.0
0.0017991441864707294
0.0019261618663977318
0.001954931287157119
0.0022165063370600444
0.0026750254123150035
0.0037748507825872578
0.003266065953215132
0.001645514945550329
0.0028226165940205506
0.0019428809546436475
0.0
0.0033408965656180245
0.0010967832831964002
0.004610672003008556
0.00557826133731948
0.006044939439095936
0.0051178562865312445
0.001530845320495478
0.0001000556193786913
0.0
0.0
0.0
0.0016597860670818873
0.0025619080173209328
0.003285284851990834
0.005439958322906465
0.004853362438808858
0.007555444491450299
0.008088469759269233
0.01173001120409709
0.010612526091624006
0.005444623981796914
0.004138330155588037
0.008324502415438624
0.007538973616613181
0.005288438406001373
0.004989247192962466
0.006803085436903655
0.004798968351791893
0.005209480911848803
0.003966611131060438
0.005739291804614118
0.006767501811438918
0.005489215628323288
0.006958220892437407
0.006113182802855647
0.009352592619430866
0.006817726994809162
0.009601013051586837
0.009204273135587913
0.007950376973301887
0.008687018538533603
0.010794547041571236
0.01046173235742196
0.007643085394416874
0.009295305845584413
0.007342002270297727
0.0069148893300261536
0.008555082154708035
0.010772575219383526
0.009873397321183934
0.010734782078027676
0.011146674878274383
0.008051196482762184
0.007942173013394399
0.012575154031026152
0.011771412465778019
0.011573993388642297
0.011076036277003681
0.008202702014584451
0.010109142128638351
0.012337340988805257
0.01395211653360064
0.012997380741318593
0.012925828047525767
0.012522261071925198
0.015965493702470024
0.017522868532119658
0.01586357343169511
0.014202055017805216
0.011676247040114723
0.013853007186027753
0.009782259973661807
0.008269056132332628
0.005266641648848021
0.0040133323932473805
0.006075058279445367
0.003956172391798967
0.00093717725754085
0.0
0.0016439805308156763
0.0030087255387704357
0.0029519957118063875
0.005482258020282574
0.002877572600435796
0.0006462981359112698
0.00041900123631783114
0.0
0.0
0.0
0.0
0.0
0.0
0.0
0.0028981871769206678
0.0011430226214157113
0.005325283429128509
0.004092332221712063
0.005217895290342313
0.007154498283586532
0.007514738245244794
0.005864688747421981
0.006942061958907745
0.004159996463998011
0.005644203266171356
0.005397811883626292
0.004465977050357172
0.006222050047932416
0.00571040025466089
0.0039201169041814905
0.004617545507729784
0.004441169222200248
0.003935989929676639
0.002810364681125479
0.0007505073970345256
0.0
0.0025843433584020804
0.004828296394785471
0.0060474901986717865
0.008089898063818875
0.010662649672126516
0.010527819837235402
0.008376331665462419
0.011778930911371844
0.009971420018718887
0.006557699520707228
0.004691160099589216
0.003179991358868427
0.003481817962411479
0.005986783700288319
0.0038132702849742717
0.0062568479453258465
0.0022508575785156423
0.0010216857027513342
0.003539914709983568
0.004448148712999378
0.0042541129921650715
0.0032865549057211154
0.00409266265499592
0.0027548113746371067
0.00556022802466816
0.006871281483698712
0.007733897651495526
0.003629718343044154
0.00674995855370892
0.006154863109729256
0.005287781314908784
0.003330810726148623
0.0028251525271990206
0.0011478337839136972
0.001328751601804109
0.0008748633942132991
0.0016706003137267132
0.0028868991656088496
0.0023641065935299417
0.0017521189128810876
0.0
0.0
