1.5399782952659775e-09
0
0
0
0
0
0
0
0
0
0
0
0
0
0
0
0
0
0
0
0
0
0
0
0
0
0
0
0
0
0
0
0
0
0
0
0
0
0
0
0
0
0
0
0
0
0
0
0
0
0.0
-6.730365317156359e-08
-2.003871030858825e-07
-8.98547383393366e-08
-9.489872376642266e-08
-3.0663237736699363e-07
-1.0224787452674353e-07
-6.301065204344697e-07
-8.728728779620088e-07
-1.3182552057246953e-06
-1.8379913073305692e-06
-1.629601136631764e-06
-2.517575624380251e-06
-1.982871497838358e-06
-1.8080648492673344e-06
-8.14903348852761e-07
-1.7578121372539975e-06
-2.5390395211738275e-06
-4.869486750572759e-06
-1.980719913687843e-06
-2.759026684875735e-06
-1.4345657590372089e-06
-1.6176145026452499e-06
-1.3038394672751066e-06
-1.1912025620517528e-06
-5.009603823386709e-07
-3.482368671264347e-07
0.0
-2.241886739720993e-07
0.0
0.0
0.0
-1.2097386704959148e-06
-1.9111047608109613e-06
-3.2855024120646193e-06
-2.615116406704538e-06
0.0
0.0
0.0
-4.189057331742553e-08
-1.198233869650679e-06
-2.2898806015203443e-06
-1.9203794573696953e-06
-1.362318407734243e-06
-3.2051571858360396e-06
-2.231918898536084e-06
-1.8786040693499832e-06
-1.8627262149744724e-06
-1.7363242248263785e-06
-1.5053672292003585e-06
-9.786896471798629e-07
-1.8542801242187821e-06
-4.391677959197971e-06
-3.931399560687053e-06
-4.368515443486379e-06
-3.3333036929969148e-06
-5.004760330610944e-06
-5.854660665298297e-06
-5.998195482649301e-06
-4.338252250655072e-06
-5.079521556240555e-06
-4.444994485773722e-06
-2.014176165888862e-06
-6.465722320102385e-07
-2.1916312427254536e-07
-2.664852512780819e-06
-4.401563054575603e-06
-6.227504701891841e-06
-5.147674955360901e-06
-5.9390976222534785e-06
-4.6736919428766745e-06
-5.898668499774264e-06
-7.342559408604438e-06
-7.734933334619268e-06
-6.406427874583575e-06
-5.576984382183811e-06
-6.269647207775158e-06
-6.952198424508989e-06
-7.637190631866595e-06
-5.377434960611643e-06
-5.0697524851871024e-06
-3.843324516938359e-06
-3.5429641403858817e-06
-3.3765218038698903e-06
-1.7819526153627558e-06
-2.312166931891634e-06
-2.7494208297427644e-06
-3.0077517083333485e-06
-4.4540958276502355e-06
-3.862465965963622e-06
-4.098613783688106e-06
-5.0650853335349225e-06
-4.286793346640355e-06
-7.234738954051715e-06
-8.376704056233355e-06
-8.565992654418318e-06
-8.542529672782149e-06
-7.00802501512724e-06
-7.813111572749239e-06
-5.1495448776311705e-06
-4.660214357601722e-06
-3.280599101748753e-06
-2.02997444653931e-06
-4.841010763314136e-06
-3.4443787502918463e-06
-3.659187891053627e-06
-3.1841538323200024e-06
-4.686440790244472e-06
-7.925888705744506e-06
-8.764991399312233e-06
-7.626801907128077e-06
-6.425669303919744e-06
-5.684611030422135e-06
-5.58438537521698e-06
-5.406840938031712e-06
-7.1029656866912e-06
-8.670584560548336e-06
-6.109232564061341e-06
-4.082727586478093e-06
-2.7878312337176126e-06
-4.586907418909143e-06
-3.5778571292905826e-06
-3.3150374426794256e-06
-3.5651265742994905e-06
-4.140845781033069e-06
-5.797510806932677e-06
-5.331842480514134e-06
-5.1913111552194405e-06
-4.8969683783091096e-06
-6.198412085075254e-06
-6.110256708410474e-06
-6.871489636434854e-06
-6.857465863235655e-06
-3.387464759738978e-06
-2.5387300279364886e-06
-4.75469717876467e-06
-6.2332238821527276e-06
-5.8894988812996444e-06
-7.495581109202532e-06
-4.7338035881985515e-06
-4.892872638058922e-06
-3.4996537673321964e-06
-4.963191780426095e-07
-1.6704245662421024e-06
-2.154594154046095e-06
-4.002485815262955e-06
-6.606705256040877e-07
-8.520342281621288e-07
-1.1446728301655438e-06
-2.3823322835074925e-06
-4.670392940659277e-06
-5.832326947363108e-06
-6.836370561077621e-06
-6.5620506448176506e-06
-5.037439413982521e-06
-2.7838072112622265e-06
4.6135908895011603e-07
2.9052284124913328e-06
-1.393641878057048e-06
3.499668320727526e-07
3.7365309861338194e-06
5.069776450120479e-07
3.2733351590152405e-06
-2.899236996592997e-07
2.544142097602865e-07
-1.4189420687756008e-06
-5.345060135382166e-07
3.866522743269895e-07
-3.3757970488134322e-06
-4.790915224862168e-06
-4.430770557163447e-06
-4.731888084502652e-06
-3.3628477681887163e-06
-2.1628277216509947e-06
-3.9603392291863785e-06
-5.343880618803094e-06
-5.5165801767765606e-06
-5.957092020357726e-06
-3.8283635777647166e-06
-6.32279917485181e-06
-3.938423296018754e-06
-5.552839674582482e-06
-4.264258395273267e-06
-3.548379424028559e-06
-5.214440787800864e-06
-5.254742876576921e-06
-6.383179051123141e-06
-4.524346302250175e-06
-3.089631654793754e-06
-5.270640979383897e-06
-5.698120984110452e-06
-3.8123265933644915e-06
-5.191630460589011e-06
-4.253843361818658e-06
-3.959668896795246e-06
-2.574812750760694e-06
-4.7856828484578436e-06
-2.715145408990655e-06
-5.8756455806349984e-06
-4.75800393271103e-06
-3.813797735910621e-06
-3.522596942076643e-06
-4.136617507691127e-06
-4.000864280788753e-06
2.4450166896869236e-06
1.4100047427033578e-06
2.951270431975872e-06
2.1289927479007936e-06
2.913783073266431e-06
8.226244315158945e-06
1.120784044854156e-05
1.3638076722264408e-05
1.6188513084575984e-05
1.928496020176163e-05
2.29559069149088e-05
1.909757317722649e-05
1.786979868158749e-05
1.815016175207709e-05
1.8962881370053437e-05
2.127527518327039e-05
2.557644964161059e-05
2.516883046875892e-05
2.0195874807057166e-05
2.4118419095310703e-05
2.186242992193718e-05
2.3340633246385345e-05
2.571710220509874e-05
2.2273550287081678e-05
1.9955816359709397e-05
2.076966029795812e-05
2.033139895025533e-05
1.9204103663531045e-05
1.8132856067371852e-05
2.0381944568248115e-05
2.304367468147433e-05
1.9493574698711693e-05
2.2134013581540083e-05
2.43825472120664e-05
2.351781485844678e-05
2.2836621313927407e-05
2.5195761816039087e-05
2.2142334813535775e-05
2.444589275667141e-05
2.6179764241586032e-05
2.7922864627601617e-05
2.906882938223599e-05
3.005707328436138e-05
2.6153043534516905e-05
2.485888066110939e-05
2.6483356589437815e-05
2.9132989030067884e-05
2.7647965816627156e-05
2.823456887815202e-05
3.1872513957280356e-05
3.300531650989797e-05
2.612660974999153e-05
2.831059991586427e-05
2.988361345826193e-05
3.2189513254365366e-05
3.5630748774335744e-05
3.719331131027669e-05
3.612689834191503e-05
3.749273740782613e-05
3.911314064683671e-05
4.301175009806804e-05
4.501914322516879e-05
4.684222540841558e-05
4.6223789369482344e-05
4.647374946200782e-05
4.3119190518872805e-05
4.512401652211106e-05
4.582523762803654e-05
4.836179688000362e-05
4.6786241524790194e-05
4.897683206091682e-05
4.921636303191436e-05
4.0600696091666734e-05
4.4637369243937204e-05
4.8470719075887744e-05
4.928596395057793e-05
4.94139217552192e-05
4.5464448964345705e-05
4.612945533227184e-05
4.2960152854268693e-05
3.7564906905861696e-05
3.882748532604566e-05
4.059767226634035e-05
4.134351004317841e-05
4.2341359137332584e-05
4.052718009856016e-05
4.4104386519348764e-05
4.07236280357379e-05
3.5743332786886664e-05
3.4693673962256766e-05
3.6212356772574325e-05
3.5702453866782595e-05
3.396865368654209e-05
3.8270579536982014e-05
4.0610675440610444e-05
4.260838239923944e-05
4.070795907118063e-05
4.1721926016226883e-05
4.3948394053988163e-05
3.903859565568993e-05
4.0908258461167076e-05
3.75915288501901e-05
3.3971939515775654e-05
3.269086882746757e-05
3.82713755959231e-05
3.9757282581801416e-05
3.952658121954828e-05
4.378445136341929e-05
4.827327274558405e-05
4.4512095219607586e-05
5.323145661123244e-05
5.605225382083834e-05
5.4117892986949384e-05
5.980370909234323e-05
6.282254661483939e-05
5.582612666626573e-05
6.0044847356004e-05
6.423037068069905e-05
6.443428890829113e-05
5.785981830395512e-05
4.52756370696292e-05
3.894482706275183e-05
3.210997062616909e-05
3.0885153311276035e-05
2.9168158384074057e-05
2.332833391312453e-05
2.7018428883691766e-05
2.601050811589176e-05
2.4261590677378968e-05
2.4124596857872206e-05
2.06596664360198e-05
2.2100460850726014e-05
2.7426800680486015e-05
2.930256213307304e-05
2.77304177689161e-05
2.8904869010582535e-05
3.866617012807755e-05
3.989207500908596e-05
3.025304946838525e-05
3.0897768433049125e-05
2.75410434943016e-05
2.495523872244986e-05
2.4759431220409943e-05
3.2285935077046874e-05
2.644395228577465e-05
2.6903242562730304e-05
2.8321664442834376e-05
2.603396731647459e-05
2.9733048660864016e-05
3.0017754071610967e-05
3.402738527036726e-05
3.4100898709137554e-05
3.3989729075144816e-05
3.984187840179315e-05
3.565038456429593e-05
4.02566556402427e-05
4.750612434738422e-05
5.070203482456586e-05
5.247139298580179e-05
5.60443756705642e-05
6.172034170542073e-05
6.376845209659015e-05
6.378745985372727e-05
6.718985252596235e-05
6.86111713116971e-05
6.534838064675764e-05
6.763037481960577e-05
7.586918390834176e-05
7.041197906033515e-05
6.785857323702706e-05
7.38239944784774e-05
7.390915540538467e-05
7.385476644326868e-05
8.394622460538823e-05
9.050415863388776e-05
0.00010254964424364827
0.00010649821395078105
0.0001047566142314584
0.00011840364170671851
0.00012057447226840475
0.0001157351672909768
0.00011547156275906524
0.00011488228712746731
0.00012536830431945792
0.00012934621336232506
0.00012938018264314135
0.0001389259948223839
0.00013404177039453232
0.00014452590120036862
0.0001354397486987072
0.00013538603912307824
0.00012766478239881646
0.00012902855383093857
0.00012955059279363913
0.0001303669422767966
0.00012542806054001296
0.00012996877755606557
0.00013025901048040688
0.00012619365440658817
0.00012692468834390658
0.0001235745861697875
0.00011734238679261801
0.0001180854933080534
0.0001312144663008913
0.00012842659469769862
0.00013014796617913854
0.00011784282078784824
0.00012145803350790002
0.0001275983656274624
0.000136968326634115
0.00013361454687732343
0.00013829274744339644
0.00013741245383929398
0.00014471113345821166
0.00014281182917665706
0.00014558716741486615
0.00013811638797192087
0.00013295954252206602
0.0001390970494976624
0.00015146061835824627
0.00014468848412490284
0.0001411079840682946
0.0001349716024779045
0.00012834835577358862
0.00012862364342876068
0.00013112212893227657
0.0001378157955218316
0.00014344407176820862
0.00012589948302936443
0.00012352678304211042
0.00013210786065300144
0.00012687646359437835
0.00013312137797860898
0.00013054806434208531
0.00013317427909390078
0.0001417780276497977
0.00014269204324466787
0.00013359375243234388
0.0001262202459158859
0.00012647524878210491
0.00012193472191116155
0.00012822944262360503
0.00012733297025327515
0.00013222056483235743
0.00013446164713119452
0.00012707460032690746
0.00012895662899750323
0.00012317424217492883
0.00012384763341169726
0.00012605245328921788
0.00012078786615551536
0.00011807949513546336
0.00012478398399030433
0.0001300002979195709
0.00012105254220683868
0.00011528126847410435
0.00011013606772569692
0.00011576961493847397
0.00011079518580517196
0.00010644372647136418
0.00011160421004086045
0.00011317180009711296
0.00011412835503108625
0.00012553115795798625
0.00011529549998981049
0.00010970581748334166
0.00010479362997045892
0.00010488360170096194
0.00010346129682895012
0.00010169379431555858
0.00011202305581822368
0.0001073311871808899
0.00010750186782332657
0.00011067927728177679
0.00010125191687106686
0.00010001565803300734
9.004980559156948e-05
8.649610258884861e-05
8.603865172175852e-05
8.658986745224398e-05
9.405115744420825e-05
9.466945208699564e-05
9.964725538517518e-05
9.75286962742474e-05
9.350445187493309e-05
9.664945219696503e-05
0.0001060323198887644
0.00010965365068696801
0.00011645408027491457
0.00011912672015519165
0.00011683133937378105
0.0001173470563963456
0.00011906800588289064
0.0001232484637450256
0.00010707070077996919
0.00011264907810301753
0.00010492768686680481
0.00010052386200042154
0.00010434143963796116
0.00010546143133236118
0.0001076982944239592
0.00010569174462681618
0.00011554284279797678
0.00011342880534185208
0.0001207057641746241
0.00012667172742134562
0.00012828169186871334
0.00012061610758285168
0.0001237579203401439
0.00011795914660683972
0.00011296348978365994
0.00010535354045041018
0.00010476902436595626
0.00010141331810464214
0.00010346033455725973
9.900054632050963e-05
9.3466403469891e-05
8.954273375191066e-05
8.114857297700131e-05
8.68118532747818e-05
8.821822497720844e-05
8.900593779495515e-05
8.629524102645273e-05
9.237108169758406e-05
0.00010539316366344265
0.00011263212157217449
0.00011167209038436907
0.00011356175204295824
0.00011587802419308047
0.0001205433939699527
0.0001181999646115407
0.00011877015662466791
0.00011873723083022884
0.0001158251426531318
0.00012147803606870136
0.00012344586829574693
0.00012242468226091738
0.00012182928005392713
0.0001231365548827767
0.00012010827724549265
0.00012053274750737648
0.00012354529305898322
0.00011424476039632812
0.00011894104607669507
0.00012066787257565309
0.00012064058485407013
0.00011939458911651324
0.0001210813239294082
0.00012186214940737855
0.00011645337678106294
0.0001165636372017919
0.00010818354578792812
0.00011523217342753673
0.00010776017665072992
0.00010616448789231087
0.00010755819763373287
0.00010377806959021236
0.00010227438372349317
0.00010961584065601442
0.00010036350866223069
9.617638970531261e-05
9.082656642814899e-05
8.775726439903577e-05
8.660656163589718e-05
9.390824583081177e-05
9.206780743237721e-05
9.002275718002835e-05
9.335797574142897e-05
0.00010187652914089913
9.185605978211053e-05
8.807303796591151e-05
8.156917112896014e-05
8.583936031387855e-05
9.169609289088626e-05
9.322991668058606e-05
8.625366135359415e-05
8.73832612967754e-05
9.004913414784797e-05
9.180760426415985e-05
8.685936438167523e-05
8.41234757342018e-05
8.191588564395745e-05
8.825736579229842e-05
8.31441802514029e-05
8.015154365665458e-05
8.909898284878902e-05
9.051306254708634e-05
8.679535772544987e-05
8.180695912418418e-05
9.318205727322649e-05
9.051631382090383e-05
9.431670442798871e-05
9.908660923705411e-05
9.852695551233295e-05
9.35309263261994e-05
9.032450954387989e-05
8.779447580987291e-05
8.889170877890609e-05
8.433105029662472e-05
8.505339496638733e-05
8.648232305793571e-05
9.63869170605018e-05
0.00010242797451112657
0.0001027133004890811
0.00010986727753005937
0.00010939694437341967
0.00011340859980430625
0.00011617502663442205
0.00011772348312412955
0.00012763875546235363
0.0001398572572105256
0.00013808216082748968
0.00013782076684164612
0.00012486464315500937
0.00011664914192930734
0.0001191780931941236
0.00012556452874208947
0.00011749634345307958
0.0001108609542824735
0.00011209575850150212
0.00011794213190242638
0.0001173181361479874
0.0001167028891995727
0.00011934507737499398
0.00012245237205096862
0.00011674644218359292
0.00010874631133146235
0.0001175377391227912
0.00010836934301202227
0.000110730288107243
0.00011949786373850624
0.0001159165773779085
0.0001176842385056041
0.00011933834330089219
0.00011829721807570079
0.00011487588919409626
0.00010849310613759808
9.933706898127172e-05
9.655270572220528e-05
8.963234980759255e-05
8.642987272860181e-05
8.231796108022975e-05
7.979369087398145e-05
8.078399215925258e-05
8.296449387147434e-05
8.122202560107777e-05
8.449018086867613e-05
8.773145861458826e-05
7.624953592088469e-05
7.546963190763194e-05
7.673492847794251e-05
7.808542459310545e-05
8.296399564318033e-05
7.961315008806768e-05
7.380737927599748e-05
6.911290527036415e-05
6.23578073168885e-05
6.421649837022463e-05
6.676495118049803e-05
7.054413119356748e-05
7.32131367930456e-05
7.099226775006481e-05
7.377491389772341e-05
6.655406844828347e-05
6.492092628046509e-05
6.492290079749354e-05
6.45553947395385e-05
6.304302361493986e-05
5.7098803633404615e-05
5.479735171049217e-05
4.953116092231052e-05
4.926293923886522e-05
4.731278514930069e-05
4.5194725967672026e-05
4.398224641078389e-05
4.4740280592714816e-05
3.760400417287302e-05
3.588275988350094e-05
3.623012681622493e-05
3.5162744334418665e-05
3.959269094903512e-05
4.399989571078408e-05
3.622992548047901e-05
3.995787657357924e-05
4.9140399013470526e-05
4.2960648357744184e-05
4.097771430848883e-05
3.543013418528377e-05
3.3009654624383396e-05
3.666576037828365e-05
3.5306643457775354e-05
3.69187514647121e-05
3.5830661468743814e-05
3.430879951044102e-05
2.902558532895054e-05
2.4447827345116504e-05
2.55831455932223e-05
2.5920018889801526e-05
1.948879902338308e-05
2.077577420446745e-05
2.393202181770316e-05
2.2874735184524646e-05
2.3077297825020935e-05
2.6885373266812886e-05
2.8231260607493906e-05
2.3260781936265413e-05
2.2869064468523253e-05
2.531877786774569e-05
2.4717827410749352e-05
2.6873651223991445e-05
2.5166224476582693e-05
2.6520189180608865e-05
3.1600131182899635e-05
3.5714371008536376e-05
3.1304273873838935e-05
2.602332744000147e-05
2.3227910116456126e-05
2.1792314065521136e-05
2.4477231230651976e-05
2.8447367648765988e-05
2.6927530372515422e-05
2.9518281360225636e-05
2.8670972741337202e-05
3.137233055839504e-05
3.911104852301642e-05
3.9009703610744936e-05
4.111819531031145e-05
4.3041542764307386e-05
5.2301070427542155e-05
5.112696862067827e-05
4.933418976248183e-05
4.5324369285433384e-05
4.823598348797785e-05
4.396834024561071e-05
4.786527607995387e-05
5.12632945903143e-05
5.036163430976142e-05
5.555729955948714e-05
5.257848842883411e-05
5.2258202631496414e-05
5.029686991002645e-05
4.7034425303033206e-05
5.39189802060144e-05
6.03321750196836e-05
6.995401087375451e-05
7.083896145092566e-05
6.940424064938567e-05
6.998310080009165e-05
7.512224180929115e-05
6.343152012226592e-05
6.284127104859076e-05
6.377419686465185e-05
6.96869960349026e-05
6.68023922172718e-05
6.414640032023106e-05
5.902058403335479e-05
5.235019886844661e-05
5.4504939030237945e-05
5.3862739744029196e-05
5.3062648000573726e-05
5.3587049306184366e-05
5.5852258820134615e-05
4.798130742529289e-05
5.043058756105538e-05
4.958248565970443e-05
5.431075961222425e-05
4.9983211586385584e-05
4.678153083960715e-05
4.883409316725918e-05
4.837789695480799e-05
4.4976926210464076e-05
3.9583782507491804e-05
3.482066498164437e-05
3.5402479580591396e-05
3.181311973009093e-05
2.8066069056350067e-05
3.479102424885249e-05
3.742747877979861e-05
3.6364572216910756e-05
3.9723203632615767e-05
4.105626167463344e-05
4.5640657857918785e-05
4.714186207992095e-05
4.6546137392130385e-05
4.3689227335636604e-05
4.23745995027123e-05
3.835834503766753e-05
3.951474922570109e-05
4.301542057090585e-05
4.0724226325200306e-05
3.838418284415497e-05
3.449258588484596e-05
3.4586702030916795e-05
3.164145659452763e-05
3.0463954011899498e-05
3.212505231566084e-05
3.028625252333033e-05
3.030576074081034e-05
2.655195933041586e-05
2.3811441574183322e-05
2.1212416116734053e-05
1.857747531952197e-05
1.5414082615257868e-05
1.3448038353182794e-05
1.3148106777977832e-05
1.5499579324736995e-05
1.5551628828987546e-05
1.8796204815997557e-05
1.5635735585673626e-05
1.648095753707216e-05
1.847520398465658e-05
1.8659124176571415e-05
2.0625864567298876e-05
2.393258068540884e-05
2.4472515668414445e-05
2.4414231020699194e-05
2.3352903962549616e-05
2.57332108515727e-05
3.1019879563633037e-05
2.6737528431050184e-05
2.827238421512661e-05
2.9171665116940323e-05
2.744689292156228e-05
2.6632630545700646e-05
2.9774052516752272e-05
2.906524235139693e-05
2.8778128846055334e-05
3.2327624807880236e-05
3.4411297853606254e-05
3.4015210904936255e-05
3.76604552716965e-05
3.867746444224027e-05
3.8537910915829136e-05
3.623169451364581e-05
3.5512267251165745e-05
3.2739774382860515e-05
3.41580129829887e-05
3.3187744502090544e-05
3.325775290476419e-05
3.248982000607841e-05
3.699532707045008e-05
4.1442306086485335e-05
3.897997024855094e-05
4.548263455875505e-05
4.511901614086841e-05
5.2033270972230095e-05
5.162594127405091e-05
5.1651032457267245e-05
5.0498604297274076e-05
6.115451826083291e-05
6.324812451463778e-05
5.805672027365343e-05
6.135991488685687e-05
6.122436664763251e-05
6.083429268723912e-05
5.957413655734994e-05
6.192958300399042e-05
6.101014219638296e-05
5.5733928272715276e-05
5.552843606980381e-05
5.302719251292638e-05
5.8991056908065396e-05
6.209911960451197e-05
5.997305623252917e-05
6.361825809899324e-05
6.726093031390428e-05
7.550682014638272e-05
7.908605115994634e-05
8.855166625252113e-05
9.825613947018745e-05
9.31073519234751e-05
9.37704669521079e-05
8.979709343826653e-05
8.869029676591986e-05
8.433446941593993e-05
8.196199804928013e-05
8.426902419961803e-05
7.731725415911409e-05
6.788431313088152e-05
7.596795964208776e-05
8.016521183252432e-05
8.19498038949927e-05
7.918407185680258e-05
8.521641701611927e-05
9.112856491134497e-05
9.104074717813709e-05
9.133392632042102e-05
9.203059597976836e-05
9.158639473380649e-05
8.776659649477894e-05
7.796405858018926e-05
8.225796877184791e-05
8.671265611890504e-05
8.806787343257108e-05
8.537011038026578e-05
9.281239240694494e-05
8.467999369794655e-05
9.448691680545431e-05
9.441931599200461e-05
9.882089150819152e-05
9.866946871951305e-05
9.965538661819901e-05
9.071587405884986e-05
9.22792147955848e-05
8.20826201600225e-05
7.763669007386525e-05
7.914948039614922e-05
8.809173474913063e-05
8.06352597226058e-05
7.333025531194314e-05
7.397478242231877e-05
6.938896845782e-05
6.733488347454653e-05
7.607664029129777e-05
7.063157183948461e-05
6.915000365101492e-05
6.930599147427111e-05
6.741976592644052e-05
6.25626610512413e-05
5.7794177819827144e-05
5.444618620436502e-05
5.483526058726258e-05
5.6138332003599814e-05
5.123332442301419e-05
5.514960517051518e-05
5.8271586551031505e-05
6.63570513225615e-05
6.772971038659527e-05
6.629241032332474e-05
5.998541411911877e-05
6.152452381572317e-05
5.739401268155353e-05
6.105529687554199e-05
5.65613604988546e-05
6.146749626219235e-05
6.62932289494574e-05
6.454976006485615e-05
6.099110747477193e-05
6.209499249540545e-05
6.123106829937104e-05
6.555726408401087e-05
6.545892004201228e-05
6.757331930497985e-05
6.48913193895001e-05
6.873248977231018e-05
6.867848353980573e-05
7.784310067928932e-05
7.367493451780426e-05
7.512459978847805e-05
7.670384390913254e-05
7.496579649081797e-05
7.354188460167913e-05
7.087158286276896e-05
7.172437444034756e-05
7.489884243362096e-05
7.321072270037175e-05
6.821026100154622e-05
6.91532768827086e-05
6.169794700032488e-05
6.1775362030756e-05
6.219220565506634e-05
6.25545034939914e-05
6.801168284184678e-05
6.45275909356183e-05
6.793817007347649e-05
6.613573013098034e-05
6.51010908735809e-05
7.154523460219709e-05
8.212996176205967e-05
7.687911004577267e-05
7.317548991467272e-05
7.238739341994611e-05
7.51979675066671e-05
7.433277256510905e-05
7.074771698595022e-05
7.19414676908226e-05
6.185006722752956e-05
6.216296299385739e-05
6.274945820438236e-05
6.623964608326027e-05
6.561501072477659e-05
6.797140254928825e-05
6.998353093054597e-05
7.273753978001109e-05
6.593051193765846e-05
6.37939333716737e-05
6.57664130764192e-05
6.761243773625741e-05
6.550925361346722e-05
6.533152187334684e-05
7.04217264458007e-05
7.040269529991907e-05
6.984866197456785e-05
7.227866407685148e-05
6.870221555806433e-05
7.525989025222043e-05
7.931143402766244e-05
7.270579658158306e-05
6.689001937263595e-05
6.911090679197744e-05
6.574790943789108e-05
6.5775196003475e-05
6.499126763669201e-05
6.31000542886958e-05
6.068601977143719e-05
5.4738502499385665e-05
4.7216142076889794e-05
4.7590741989087525e-05
4.148987788651686e-05
4.575750560029324e-05
4.724878812784061e-05
4.6040155773730035e-05
4.709367595508151e-05
4.2770954694748216e-05
3.935354773262169e-05
3.5406954969053846e-05
3.4111179592235064e-05
3.244610156027005e-05
3.426983870668291e-05
3.39855231359316e-05
3.479134484588614e-05
3.4786232980287794e-05
3.4502492066147e-05
3.423459831511939e-05
3.7116308265097884e-05
3.584065232861693e-05
3.440722469910569e-05
3.304174455635374e-05
3.049814636689902e-05
2.9429003514197338e-05
2.727962052280649e-05
3.184555660547848e-05
3.449825632239074e-05
3.1809138430666384e-05
3.276885703521447e-05
2.8187392553464933e-05
2.668682682156189e-05
2.363276606485276e-05
1.763123384906278e-05
1.8520595545310684e-05
1.5241804357775446e-05
1.982908800246883e-05
1.9146347559098102e-05
1.9218823998907255e-05
1.672553710436728e-05
1.7068168798504586e-05
1.9239933322612714e-05
2.2822901450522507e-05
2.1590789020418264e-05
2.2756705008722124e-05
2.3402823159479582e-05
2.1917558898991995e-05
2.3603391480689836e-05
2.3915667810838964e-05
2.2718147397790667e-05
2.305888782644127e-05
2.210203086252654e-05
2.1941942029671014e-05
2.270895177497004e-05
2.138482003326023e-05
2.0451230780764054e-05
1.6138993109243398e-05
1.326204866833692e-05
1.2997724979563995e-05
1.3199861292139248e-05
1.4913261124944399e-05
2.188479179110982e-05
2.1755503900644038e-05
2.3226097029950315e-05
2.3790906928645726e-05
2.2944203312239246e-05
1.8625961181242537e-05
2.0286317792453186e-05
1.900093692126214e-05
2.2930045782436235e-05
2.336662131836676e-05
2.7164335448805248e-05
2.393035959089062e-05
2.153483454645755e-05
1.9848861543743543e-05
2.1357016192984652e-05
2.124842697359221e-05
2.2179941869452066e-05
2.180547455881584e-05
1.885630092328464e-05
1.957201236494857e-05
1.9713311704949577e-05
2.0927679278254777e-05
2.407475962519172e-05
3.2597756255806906e-05
3.300116611435228e-05
3.873313907013869e-05
3.707651371808251e-05
3.7051901538772775e-05
3.84465377620961e-05
4.2434562267932965e-05
4.2878485250862094e-05
4.29901641977647e-05
4.150568978475842e-05
4.0870061940891096e-05
3.4472538052878894e-05
3.286447092374617e-05
2.8181583616165225e-05
2.5849681484251974e-05
3.109279158917072e-05
2.8021764462231946e-05
2.5832203628968036e-05
2.6853870044338595e-05
2.2624079095988577e-05
1.6623380707761387e-05
2.0449888269954207e-05
2.0867051901900602e-05
2.0975410193755195e-05
2.104009538689326e-05
1.8157363069400834e-05
1.7760497111062644e-05
1.4957263373413764e-05
1.693333453810377e-05
1.5237458821865274e-05
1.702170210954267e-05
2.144333690538367e-05
2.014869987814934e-05
2.5504608298287926e-05
2.357630112668917e-05
2.0822450824346287e-05
1.9750515552004265e-05
1.9157391679253826e-05
2.0248853948146726e-05
2.1380306066847253e-05
2.107483281420364e-05
2.1753863742743646e-05
2.131544121806261e-05
2.2141963559913892e-05
2.240392527808584e-05
2.3057104662855876e-05
2.540709859225069e-05
2.056993379669372e-05
1.6699407524212164e-05
1.6663507173141954e-05
1.558705754759909e-05
1.4834170407967961e-05
1.607039899830713e-05
1.6009734585258275e-05
1.1306494053274748e-05
1.3353842745570866e-05
1.5925950955687213e-05
1.3213949171257378e-05
1.702400851344545e-05
1.7835541679667342e-05
2.154191290774863e-05
1.683729366094868e-05
1.3025853745099893e-05
1.3328387337677662e-05
1.4280122805502865e-05
1.5096463801079986e-05
1.2567544171364506e-05
1.279040928548042e-05
1.1808550002755968e-05
1.0571942940098554e-05
7.154495206569757e-06
5.027812477191886e-06
4.139919381730115e-06
2.7859261344387982e-06
2.280294186341615e-06
2.8650572999801896e-06
4.713069196871921e-06
5.427205446577891e-06
5.003961732638979e-06
4.5667469296162115e-06
5.907092183572874e-06
5.3576786376589695e-06
5.170226037131884e-06
5.5592241762856505e-06
4.668722646405394e-06
4.643687581982548e-06
6.127345008180642e-06
3.523172279759971e-06
3.2134786455575837e-06
4.8533881470067545e-06
3.151727094610413e-06
5.255012663911003e-06
4.885320699565114e-06
5.045521778003138e-06
6.433940239435304e-06
5.663358506477707e-06
3.4313123792137723e-06
2.7599529639137728e-06
2.6852779187452764e-06
2.783439083325661e-06
3.1866424445366482e-06
4.585536308661405e-06
4.353045566358126e-06
4.114672218323744e-06
3.1765032322175103e-06
2.9055262271510547e-06
3.822199256613232e-06
5.416644743372108e-06
4.5663666598482555e-06
7.561236612780552e-06
6.794630475637488e-06
6.01111222704571e-06
8.340258219641017e-06
7.145933872948515e-06
7.622273214359988e-06
9.907709323952189e-06
1.4577591434381343e-05
1.5580425857669837e-05
1.5982962785036057e-05
1.3232482299706716e-05
1.3518479608654249e-05
1.545971636349968e-05
1.682195094570528e-05
1.692502962848988e-05
1.7873562474371973e-05
1.7121156957259687e-05
1.529890371414496e-05
1.605295000219447e-05
1.7712939842315276e-05
1.5376343866413754e-05
1.5594161768159967e-05
1.686363755101525e-05
2.060253125454549e-05
2.1619367423984854e-05
2.226486177230067e-05
2.607158198590016e-05
2.751971696048312e-05
3.024628901802883e-05
2.9681308127349766e-05
3.389053852876983e-05
4.027135396838592e-05
3.801078469602393e-05
4.029202129249529e-05
3.60843158023303e-05
3.0006952626193316e-05
2.6813656954214013e-05
2.9739237270367614e-05
3.399622787919999e-05
3.4003218568180407e-05
2.809137936963789e-05
2.8708737590317034e-05
2.2834191869170564e-05
2.5187604580023294e-05
2.1675909050066347e-05
2.092028972777499e-05
1.6599327098838844e-05
1.8031064255867114e-05
1.910582422852769e-05
2.059349643587304e-05
1.955290421929525e-05
2.244488476578958e-05
2.3659953858173204e-05
2.6653842630387056e-05
2.3613105951022697e-05
2.2227155749618873e-05
2.0651304569770797e-05
1.9300166185353237e-05
2.181572548892956e-05
1.811608956342378e-05
2.1302701503017215e-05
2.5201186622107777e-05
2.7555079152461264e-05
2.8673644429317704e-05
2.8260676434220032e-05
2.9868708146329312e-05
3.290695937750235e-05
2.840643093633585e-05
2.6599638652525542e-05
2.334092931143829e-05
2.437076391456677e-05
2.62345599956779e-05
2.9529174852802797e-05
2.8285834299102075e-05
2.6522609664482392e-05
2.645836775648095e-05
2.5462812348039383e-05
3.021747022020221e-05
3.0441324146929823e-05
2.544223192429461e-05
2.5517690655012188e-05
2.2200134579606757e-05
2.1238913356788336e-05
1.8577349877546516e-05
1.9608385619823622e-05
2.1852588912548203e-05
2.3549312157128834e-05
2.2743103395984512e-05
1.5931839208981038e-05
1.8659589485394494e-05
2.0696752706571137e-05
2.3852876472020092e-05
2.644712777352766e-05
2.3786997655889893e-05
1.9208716963142186e-05
1.9732864076096603e-05
1.9805431448871995e-05
1.710632254202908e-05
1.6215422147779247e-05
1.5640927917595015e-05
1.7759577344505185e-05
1.311131815979473e-05
9.976248169624667e-06
6.851704469595483e-06
7.705946145153e-06
4.6046055060834855e-06
6.032732290040013e-06
4.354128320907485e-06
7.426177299976381e-06
2.7975782536348032e-06
4.43343113524111e-06
9.238934328179338e-06
7.863889586450889e-06
9.707024937500273e-06
8.057778613889942e-06
9.001309416386446e-06
1.0384385073124541e-05
8.07205405473644e-06
8.128506060224442e-06
1.1529159110539288e-05
1.4705998254122346e-05
1.2359443701255128e-05
1.0985739960316445e-05
1.4189868467265814e-05
1.4999834800656514e-05
1.335858633942355e-05
1.5826901885398466e-05
1.2297245177827921e-05
1.301926893195712e-05
1.3970004565110561e-05
1.274628800928081e-05
1.3014443316433457e-05
1.2494486208176685e-05
1.053634995245222e-05
9.41660364643607e-06
9.679750001926705e-06
9.643548111751296e-06
1.042036039029953e-05
9.804425990984586e-06
7.480004650285729e-06
9.059891948867458e-06
8.541402788625395e-06
8.393701744242778e-06
9.610776910323609e-06
1.1690375004681033e-05
1.100983690850923e-05
8.233835566988762e-06
7.211316339864886e-06
6.384791567736214e-06
4.70754271704456e-06
5.416026078072455e-06
4.523329741547599e-06
5.215670573074327e-06
4.271706864077446e-06
4.358897799783955e-06
3.6790405793644717e-06
4.851784062376452e-06
6.554316669085247e-06
3.791335186360589e-06
4.269516129419941e-06
2.843368674397231e-06
1.5618387142712713e-06
6.179508678910625e-07
3.059492085857769e-07
1.3838024729135365e-07
0.0
5.402374937550398e-07
1.1250285715543854e-06
0.0
1.3876325240960966e-06
0.0
5.27314347626921e-07
0.0
0.0
0.0
7.517414239501148e-07
1.7344975513443163e-06
2.5827667655411716e-06
1.4543140265092903e-06
2.240251810069995e-06
3.2969283477571477e-06
3.692239329832986e-06
4.481838066788955e-06
3.3760363240615014e-06
4.7092684764111944e-07
3.286888467533957e-07
1.333368844347633e-06
6.91357662563359e-07
1.256502153462444e-06
0.0
8.73370364000001e-08
6.62312643785441e-07
6.948797432029272e-07
4.3374518949462764e-07
3.872916325637441e-06
3.9680300957550566e-06
6.7794218513379784e-06
1.0543794152664959e-05
8.531544736270753e-06
1.023202696401859e-05
1.087822723788508e-05
1.0561080117574409e-05
1.4733349342315612e-05
1.2785576502167016e-05
1.1447854944510287e-05
1.175668002012932e-05
7.889838995113535e-06
7.565727147574141e-06
8.876590446229593e-06
1.2037847962864823e-05
1.311533626636695e-05
1.1659545036454686e-05
8.293702301412355e-06
9.167009256500232e-06
1.1866358607517424e-05
1.287754045228392e-05
7.749369934579407e-06
8.183413104068649e-06
8.618478148581633e-06
8.425548754742586e-06
1.0033991280260437e-05
8.666602944330563e-06
5.815083952386161e-06
3.806406641975189e-06
0.0
2.793624702136286e-07
0.0
1.0315591570594482e-07
4.864891209545647e-06
7.110484767535915e-06
4.883438025680811e-06
6.249769932902941e-06
4.834649118961409e-06
2.873649319399001e-06
1.63310376240677e-06
3.188322691709457e-07
1.0032426314627614e-06
0.0
0.0
2.5612413858874377e-07
0.0
0.0
4.891089459209394e-06
2.9074855381406616e-06
4.784934396429179e-06
6.7148884791514005e-06
7.243600987091635e-06
7.3329220064092636e-06
1.0938203054090187e-05
1.0270442242847027e-05
5.8382434970641195e-06
4.489543478872815e-06
6.598662978021788e-06
4.702430435347041e-06
6.00628720575788e-06
4.293719261097381e-06
5.537449545873404e-06
3.823311215792303e-06
2.870482564970593e-06
2.3522767897263336e-06
1.9642212310165864e-06
1.6212822977081444e-06
0.0
0.0
0.0
0.0
0.0
3.7968997642045164e-07
1.2490828153122232e-06
2.413693378133956e-06
1.1828844891362367e-06
1.1020781815443724e-06
3.595451872602571e-06
5.492046295549025e-06
3.968526073437744e-06
3.840720431694487e-06
2.5087631527017204e-06
1.624714431451602e-06
1.1506982429305015e-06
4.362828558704927e-07
8.539047840795208e-07
1.4983680124171941e-06
1.3155046048453058e-06
1.2328660706968966e-06
8.661056547280194e-07
1.5897920890969283e-06
1.5192189472198576e-06
3.575052505304547e-07
7.117006528266374e-07
1.365178834738654e-06
1.9553360274519498e-06
1.8865172271482752e-06
2.5325190981525997e-06
3.356195312542084e-06
2.9446744102011903e-06
2.73769623937857e-06
2.349204971442051e-06
2.5495930152767522e-06
2.8731776725951056e-06
4.725568629252738e-06
3.892594747267046e-06
5.06425177507407e-06
3.990903705969091e-06
3.219165926155169e-06
4.9111450907740155e-06
4.532734490543053e-06
3.7254980262905967e-06
2.2110316499592153e-06
1.1493108505255578e-06
1.7434110025514168e-06
3.1447988716443256e-07
1.5724822641440225e-07
0.0
0.0
5.932109797892842e-07
6.577349120978908e-07
-6.099841446840412e-08
-6.939343800640991e-07
-1.888653916101696e-07
-2.0427900091733996e-08
-4.695044371308669e-07
-5.048430628277645e-07
-4.368453021226239e-07
-4.871826768023377e-07
-2.7669096587121402e-08
0.0
9.364809736785298e-08
7.318354386440092e-08
6.653056959760698e-07
6.564065075144503e-07
2.1501040820395496e-07
-1.0445786217713302e-06
-9.825583314069727e-07
-8.18378996449911e-07
-2.2509485824559517e-07
-4.900536178269194e-07
-1.664313816376681e-06
-2.957741348498441e-06
-1.2106130993243184e-06
-1.6130276946727715e-06
-5.949496866408571e-07
1.6629666977059454e-06
-4.5445530469540544e-07
-1.471651009456535e-06
-2.5565842890473376e-06
-1.896285330653502e-06
-1.0407111457143953e-06
-4.986843246221944e-07
-4.706019575515937e-07
-3.981098473878039e-06
-2.4304831133118325e-06
-4.069553608168265e-06
-7.1038334017355024e-06
-1.2280647345021674e-05
-1.3692299222185522e-05
-1.7778752136169493e-05
-1.904778463454902e-05
-2.02870321962565e-05
-1.918763563780784e-05
-2.2101684906219515e-05
-1.8756714266594775e-05
-2.5557980288536038e-05
-2.8054608997611366e-05
-2.6682828849721563e-05
-2.673496443938632e-05
-2.5783037035953352e-05
-2.7345510959903836e-05
-2.794547699409016e-05
-2.921001715939547e-05
-3.443931706890017e-05
-3.631106284797611e-05
-3.723224610165385e-05
-4.08331307293088e-05
-4.195013130997476e-05
-4.0597337659074506e-05
-3.527834649481333e-05
-3.426775701856473e-05
-3.0299662418471244e-05
-2.9135711526258697e-05
-2.6193637729108096e-05
-2.7244135627040782e-05
-2.8228364470218883e-05
-3.033573607595894e-05
-2.81905909341597e-05
-2.804331998403116e-05
-3.298718103747042e-05
-3.176828323149609e-05
-3.397056446267595e-05
-3.596145933716406e-05
-3.437872551977654e-05
-3.461139142386924e-05
-3.484289724454027e-05
-3.588711516854971e-05
-4.04783675819152e-05
-3.896975900286533e-05
-3.7341456991979835e-05
-4.08347024022307e-05
-4.6936125895575167e-05
-4.373742860056408e-05
-4.018147261846203e-05
-3.938119078596548e-05
-4.152976173078791e-05
-3.825842925149339e-05
-4.261265550899952e-05
-4.8353258008508577e-05
-5.063365037402941e-05
-5.206855207450797e-05
-4.951636757139601e-05
-4.9950542420162634e-05
-4.371198322550804e-05
-4.830405762989879e-05
-5.235301837703995e-05
-5.1714873275673915e-05
-5.3466078484065566e-05
-5.22703691905007e-05
-5.8067912277144863e-05
-5.414078060920675e-05
-4.773464660859682e-05
-5.109982247606704e-05
-4.6944016668447306e-05
-4.780141236897971e-05
-4.616232087750469e-05
-4.494575639871574e-05
-4.472965154308898e-05
-5.0435261760388736e-05
-5.495827484959398e-05
-4.7756546927498856e-05
-4.7695631645056954e-05
-5.109477143230597e-05
-5.0665776778716426e-05
-4.966001477909442e-05
-5.8672809710034993e-05
-6.057277659606664e-05
-6.425828885289407e-05
-6.628247380006704e-05
-6.40129907363764e-05
-6.691919750551775e-05
-6.625973381670955e-05
-6.422237685772257e-05
-6.635369450944421e-05
-6.791438972383046e-05
-7.081108551791218e-05
-7.07240284427117e-05
-6.913797258118975e-05
-5.740474142783457e-05
-5.832698740329526e-05
-5.78301582418214e-05
-5.276142559463229e-05
-5.864531043301044e-05
-6.293277160941167e-05
-6.455795491482656e-05
-5.842973083277117e-05
-5.73213782118335e-05
-5.673482450489195e-05
-6.238085805206878e-05
-6.29369672332657e-05
-6.02280270558253e-05
-6.160706097688414e-05
-6.380983256915958e-05
-6.871844731241317e-05
-7.174594065289665e-05
-7.33181280560341e-05
-6.714926761150151e-05
-7.319289546386669e-05
-7.087509557575592e-05
-6.735048453148192e-05
-6.662653371074354e-05
-7.493948212207221e-05
-7.671665906782915e-05
-7.079520212173683e-05
-7.822435414072568e-05
-7.561380568242051e-05
-7.888678200222514e-05
-7.868512447469148e-05
-7.518145625455078e-05
-8.252091887823006e-05
-8.540712399152362e-05
-9.308540433994754e-05
-9.364164092272263e-05
-9.284641340768643e-05
-0.00011129146956661426
-0.00011912774048299523
-0.0001112409496617349
-0.00010595368221960787
-0.00010236217974273425
-0.00010889754937838179
-0.00010879711867612478
-0.00011224493267735708
-0.00011388116356983148
-0.00012057338258135559
-0.00012346931830809328
-0.00012165731287960783
-0.00013036675523277116
-0.00013626680874072493
-0.000140099942441278
-0.0001346229950277894
-0.00013136783979898542
-0.00013150293055835252
-0.0001305937584602911
-0.00013913722528508711
-0.00013053866591613569
-0.0001366960298827116
-0.0001390905688538568
-0.00013485403386546464
-0.00013771537341636294
-0.00013575719209868808
-0.00012597782475448464
-0.00011903279454988191
-0.00012125592641862117
-0.00011711479877336575
-0.00011763988976786036
-0.0001317078844524448
-0.0001292380932149274
-0.00012185341146826646
-0.00012277336105191684
-0.00011187274519258334
-9.871519936287008e-05
-0.00010577829142018719
-0.00010367400245003773
-9.973773263612227e-05
-0.00010156019479208639
-0.00010787930351920573
-0.00011200354559345327
-0.00011546567672459371
-0.00011913760773319072
-0.00011885618311760573
-0.00011631489350266137
-0.0001169962920287363
-0.00011663875866691703
-0.00011733347427867685
-0.00011965046171354897
-0.0001262510383337561
-0.0001237199104620284
-0.00013110108546139228
-0.00013712294289107549
-0.00013856998148139508
-0.00016075561712404905
-0.00016440666973753192
-0.0001701533153260453
-0.0001754985757310746
-0.00017826564851470018
-0.0001918920737292791
-0.00020926073665800577
-0.00022108434794230585
-0.0002230574275007014
-0.00022374584143191004
-0.00023051139884244022
-0.00022805321731483833
-0.00023998649525938914
-0.0002439703693179029
-0.00024522232936335415
-0.00024336275977560807
-0.00024634079984171424
-0.000265673897005998
-0.000280233712859037
-0.0002879810050620067
-0.00029005115498181996
-0.00028588676015156854
-0.00029713055231149656
-0.00030768223447595475
-0.0002987569593288371
-0.00028070757319047126
-0.00027365211101757484
-0.0002689711234560574
-0.00026065033210503625
-0.00026399179325621423
-0.0002559255719847464
-0.00024661577437023975
-0.0002447113438461367
-0.00024317741054352883
-0.0002474799366753588
-0.00024956859615008495
-0.00024315671034643403
-0.00023480379927501904
-0.00024566676566379936
-0.0002562305290189739
-0.0002640953512330052
-0.0002592112682294601
-0.00027628192933059134
-0.0002630281691274896
-0.00027827653747253473
-0.00026861860815318605
-0.00026528459945387593
-0.0002558231882846262
-0.00025557682351032166
-0.00025219213378026094
-0.0002447920215723294
-0.0002517336709923034
-0.00025193298705035097
-0.00026400066537505434
-0.0002674971733328451
-0.0002511079517597213
-0.0002444500663133849
-0.0002390178878790225
-0.000239783637447058
-0.00025148022932814317
-0.0002527876072705746
-0.00024334079827200968
-0.0002483581815740572
-0.0002500061609170081
-0.000246055016336295
-0.00025216072689643245
-0.0002471845063593187
-0.00025115611114791687
-0.0002507764400452694
-0.00023964183144761477
-0.00024160695314134957
-0.00023915528277307916
-0.00022442494869612153
-0.0002190434236313683
-0.00021305854009001705
-0.00020726059434941283
-0.00020054015233281677
-0.0002008985543929679
-0.0002124925660913628
-0.00020540081221945554
-0.00020409823587672776
-0.00021000693997231629
-0.0002033078186656755
-0.0002010248218874709
-0.00019458146774484146
-0.0001961851064163605
-0.00020458107620014934
-0.00020608696667529178
-0.00021484394164556495
-0.00020865012995796385
-0.00020939148723244147
-0.00020570737745956042
-0.00020732795549922688
-0.00020345375842960444
-0.00020734210149751903
-0.00021230749953683313
-0.00022958252946687088
-0.00021870682523606624
-0.00021461785843810414
-0.00021780425681184503
-0.00021572831364585432
-0.00022253800966031664
-0.00022162518142482528
-0.0002210774143917901
-0.00021642219779660987
-0.00021543339495481162
-0.00022144361676626844
-0.0002327262960407721
-0.0002363973873359389
-0.00024218717066171432
-0.00024107686458418233
-0.00023879678795457647
-0.00025128217362553737
-0.00025094096182913387
-0.00025984770420559705
-0.0002498845485421245
-0.00023357103490797377
-0.00023613060824940023
-0.0002394032187153147
-0.0002320187225904286
-0.00022058979418650956
-0.00022333236084528198
-0.00022418627500653295
-0.00022484096924001786
-0.000224078534773202
-0.0002205869345872657
-0.00022310061788983126
-0.00022729719780676923
-0.00022325141318130072
-0.00022844746112506362
-0.0002464265761164792
-0.00023598788681418955
-0.00023777061620522733
-0.00023072892717653146
-0.00023188587167723078
-0.00022932648477220688
-0.0002233593650504634
-0.00021202401484322813
-0.00021079074883162267
-0.00019991220326642816
-0.00020892219605820437
-0.00020434774474283632
-0.00020833580141288506
-0.00020576862011637776
-0.0001997587590271395
-0.00020647514449520965
-0.00019965899020674187
-0.00021014160009062027
-0.00020455071194543044
-0.00021672290094368376
-0.00022111664485668467
-0.00022098915865193154
-0.0002119680037079212
-0.0002216433793797819
-0.00022402489182052896
-0.00022728381934094811
-0.00022825498169505766
-0.00022831983118280614
-0.0002361372032333118
-0.00023327869906476014
-0.00022514133630464227
-0.00022841965976568961
-0.00022315508007001952
-0.00021665699440306268
-0.00021506379522384178
-0.0002107744651845964
-0.0002122153604079009
-0.0002142380615772217
-0.00021937082326333953
-0.00020845943895336896
-0.0002169152754283916
-0.00021908080874473806
-0.0002174165112513944
-0.00022090564906640075
-0.00021634127271546482
-0.0002331805324474316
-0.00023015602242568677
-0.0002303178865239825
-0.0002363162767053704
-0.00024233633268821487
-0.0002278084964750036
-0.00022164790109978534
-0.00020838482692723205
-0.0002047335828210655
-0.0002120412344969774
-0.00021170529194420603
-0.0002183888052347716
-0.00022527940207780795
-0.00021656845867670178
-0.00021302338251655073
-0.00021899247943776617
-0.00022911076107740702
-0.0002349063424329435
-0.00022978465331859174
-0.00023080900441480758
-0.00024225098556962733
-0.0002511702442526376
-0.00026233158360516423
-0.0002578775993673278
-0.00026722371674394244
-0.00026006284399228267
-0.0002571889879858859
-0.00023769254090451696
-0.00024327029971880963
-0.0002426144539017927
-0.0002411587335951695
-0.0002284580164330354
-0.00023961924505639198
-0.00023007200511523436
-0.0002315052744387391
-0.0002326890308464538
-0.0002301134900769019
-0.00022288329127415462
-0.00021901260713503038
-0.00021905091007171917
-0.00021570877118333798
-0.0002201704543996919
-0.00022882114748964288
-0.00022530426712693766
-0.00022383126680457642
-0.00020841603546166928
-0.00020056128133721018
-0.00019114446251373114
-0.0001843848382777985
-0.00019595799676588497
-0.00019950778191784338
-0.0001920152528162125
-0.00019328833140935326
-0.00019330749009656217
-0.000198293408461658
-0.0001927806052082142
-0.00018280339614185222
-0.00018027825960976454
-0.00017616175785840958
-0.00017686846602251566
-0.00018008080396043202
-0.00018072767721960767
-0.00018115807846859984
-0.00019116165564371613
-0.00018271222601767942
-0.00018413180909953968
-0.00018161156579570625
-0.00018299887322377633
-0.00017730859470535242
-0.0001745129355442972
-0.00017425417328636035
-0.00018079761226736488
-0.00018500374582175957
-0.00019366814729135742
-0.0001847234612328343
-0.00018626877496047723
-0.0001854165095936742
-0.00019186727793330435
-0.00017653240344763687
-0.00016739236877472222
-0.0001718032233748148
-0.000172534719848153
-0.00017044596804723216
-0.00017336076886521646
-0.00017089152527887736
-0.0001793211445465333
-0.000185845534061603
-0.00019260163335718512
-0.00019632572723542497
-0.00020003209299710023
-0.00019699354648687747
-0.0001910679972208716
-0.00019525169017288116
-0.0001883813742939286
-0.00018199286192593475
-0.00017633100946096115
-0.00017408550081005942
-0.00018239873530445175
-0.00017714322452575475
-0.0001812985991597121
-0.00018203961064223602
-0.00018685232094742314
-0.0001902527026613036
-0.0001809473518671812
-0.00019122403464924177
-0.0001875560111589808
-0.0001955780428018795
-0.00019122692513938135
-0.00019622710985303126
-0.00019291863956654037
-0.0001859574409052431
-0.00017799671685194923
-0.0001836050552946221
-0.000174549123314048
-0.0001736496800535973
-0.00016340711882011582
-0.0001660406936690893
-0.00017283922267643566
-0.00017148994560793376
-0.00018671420651337757
-0.00017666218525809447
-0.00017773163475096502
-0.00017783047584296152
-0.0001866588430644504
-0.00018850730734645168
-0.00019400611714770014
-0.00019837557344921065
-0.00019803175962556814
-0.000199455900383511
-0.00019766042888892134
-0.00020043523274406808
-0.00019594484156533674
-0.00019610448840170854
-0.0001830565310599508
-0.00018130222104256426
-0.00019125202187525082
-0.00019956742628781754
-0.00020518709550434105
-0.00020463768021379073
-0.0002090373341023239
-0.0002054795400638292
-0.00021353644205125835
-0.000213493702689762
-0.00020824613529175118
-0.00021148337986443233
-0.00020869824460769117
-0.0002024266552225081
-0.00020723790208743398
-0.00020083825099836218
-0.00020403112856102736
-0.00019467158964761
-0.00020252239505274958
-0.00020447488042488096
-0.00019766116982269423
-0.00019643576738786247
-0.00019765458030029855
-0.00019741681259109062
-0.0002032118992490015
-0.00018796097535719836
-0.0001837479198397934
-0.00018465809430807546
-0.0001883733524870891
-0.0001981817614820649
-0.00019995547587783337
-0.00017654154455668452
-0.0001790291479739166
-0.0001862743452576613
-0.0001899823848042612
-0.0001843343221187239
-0.0001913912372610083
-0.00019747102263992542
-0.0002061018206030918
-0.00021732413912542642
-0.0002299010265372112
-0.0002446071885362921
-0.0002489595623351374
-0.0002439189202408602
-0.00025671139996386863
-0.00025765710147801745
-0.0002428835937401842
-0.0002420540013195024
-0.0002478988188149751
-0.00025211406510655036
-0.00025786064749435897
-0.00025898504669969255
-0.00025832307523150703
-0.00023630271330407442
-0.0002257085029018629
-0.00022148290181586155
-0.000224314093304106
-0.00022875622610483615
-0.0002338800879390376
-0.00022378981795270197
-0.00022950102468241414
-0.0002236347782658101
-0.00021412376699407595
-0.00021237347896689102
-0.00021503398402090987
-0.00020347711281933702
-0.00020752168321332045
-0.00022330889769215536
-0.00022309506769154066
-0.00022091749436208683
-0.00023316932055994724
-0.0002307301048499467
-0.00023405390359255735
-0.0002218310836693232
-0.00022234112566140753
-0.00022772993246730785
-0.00022040128432862345
-0.00021674480295248006
-0.00020711391917278173
-0.00021096041134802205
-0.00021917505490411248
-0.00021903768188036516
-0.000225443476988285
-0.00022107486236914704
-0.00022884910509823867
-0.00023577314511467662
-0.00023622225293956934
-0.0002307373649079361
-0.00023661984390420526
-0.0002225611387982723
-0.00021915503617309155
-0.00022352929558768417
-0.00022909760008385993
-0.00022833652870763325
-0.00023311428631349042
-0.00024002217145287973
-0.00023111168441288402
-0.00023531660490838438
-0.0002414279585847378
-0.00024355735457349894
-0.0002414275627729046
-0.00023610552534919895
-0.00022412170451904947
-0.0002187808283044942
-0.00021830450113376567
-0.0002227216938375865
-0.0002180619539613298
-0.00020845122835187085
-0.00021675508969959837
-0.0002128605198804561
-0.0002050894637710576
-0.0002020906399999104
-0.0002113784869361423
-0.00021942384002342875
-0.00022490517179874872
-0.00022561024836197425
-0.00020716761363361657
-0.0001872927302349734
-0.00017968236046453186
-0.00018192873427300352
-0.000170196883210245
-0.00017902532713532748
-0.00018026447443314446
-0.00018153121493457791
-0.00018291237597342606
-0.000187394043002419
-0.00019111938171400137
-0.00018902672081444743
-0.00017987868988000278
-0.00017365000966955985
-0.0001734817408419066
-0.0001644513865431577
-0.0001565475992173462
-0.00015620847460869153
-0.0001579244385350714
-0.00016081502112569874
-0.00016257769827750316
-0.000159916913439143
-0.00015560664527546202
-0.0001615211795210754
-0.0001542215302217097
-0.00015244493623746617
-0.00015749743071860346
-0.00016639723555117182
-0.00017042056891633978
-0.0001635788054640978
-0.00016309756633851904
-0.00016980038738507834
-0.00016680635652911136
-0.00017155836157133994
-0.00016101745559240848
-0.0001693001401447558
-0.00017798811462576823
-0.00018396450375021445
-0.00018503566088273103
-0.000192749866354534
-0.00019595915647171547
-0.00019998238384266568
-0.00020237812219932338
-0.00021194571107104366
-0.00021254954007732146
-0.00020880530059400913
-0.00020660680488295647
-0.00020159348307162257
-0.00020361995983802158
-0.00020662772542629567
-0.0001921204031431714
-0.00018916425688473537
-0.00019482338066788377
-0.00018440469772104133
-0.00019388101833995748
-0.000182496413198844
-0.00018158895772975886
-0.00018405736860665838
-0.00017757368229310517
-0.00018625985893933245
-0.00018684883039876544
-0.00017995301435518867
-0.00018499570488577204
-0.0001759212311897407
-0.0001739601037818187
-0.00017375465648402695
-0.00017686841031280394
-0.000163110030537688
-0.0001608956771906955
-0.000160080715088668
-0.00016294236916203792
-0.00015460822183885258
-0.0001487471854750505
-0.00015187821118231028
-0.0001373171516093406
-0.00013127720004491597
-0.00011934195886172862
-0.0001281474882543019
-0.00012964868866968796
-0.0001278557320273464
-0.00012211765961170332
-0.00011260995782976222
-0.00011977336857323666
-0.0001333014541204083
-0.00012956093005581586
-0.00012244448867564087
-0.00012433596825086045
-0.00012229187553626175
-0.00012941171871722632
-0.00013179473012731228
-0.000125078064790562
-0.00012495094475499472
-0.00012298866601763228
-0.00011424930765216032
-0.0001096516845878323
-0.00011824350020793551
-0.00011912227156016929
-0.00012174357253010591
-0.00013144108523368718
-0.0001294663985760058
-0.00012953731790461153
-0.00013707516563307002
-0.0001339009575658997
-0.00013328529545015097
-0.0001322859384489548
-0.00013140369663127688
-0.00012189584250499091
-0.0001176880566088966
-0.00012575654971265168
-0.00011589551453763266
-0.0001161737976159469
-0.00011725422318589019
-0.0001274094540504223
-0.0001230101989455649
-0.00011577411481669397
-0.00012118795837838745
-0.00012189835374219202
-0.00012948673818343154
-0.0001350883839328767
-0.00012917986574045073
-0.00013078492449215785
-0.00012606147980508603
-0.00012242133795491533
-0.00012127754424709689
-0.00011730844302180234
-0.00011523623640256276
-0.00011484438826981756
-0.00011433950759178756
-0.00011929014013931467
-0.00012003858257767
-0.00011031880704667795
-0.00010173093085533981
-8.670724623378974e-05
-9.374211633263128e-05
-9.307036064989145e-05
-8.775410188263849e-05
-0.00010135406371579026
-0.0001139459914167058
-0.00010294066052234399
-0.00010176879144972296
-0.00010047137169677542
-0.0001084007515082086
-0.00010051624644078061
-0.00010563780725290937
-0.00010116245842221747
-9.66328182409501e-05
-9.499002510484974e-05
-9.904366410461026e-05
-0.00010165328207518034
-0.00010883738474461826
-0.00010734573094217501
-0.00010802756343986557
-0.00011395090443403811
-0.0001148065217456063
-0.00011215015465512047
-0.00010310982003020074
-0.00010188052731631765
-0.00010644083937603534
-0.00010381158429042706
-0.00011095754213722579
-0.00010932763774145271
-0.00010044522612683636
-9.953594209005152e-05
-0.00010906567211810027
-0.00011376189720848494
-0.00011003019096491932
-0.00010865676161986463
-0.00011349868139287577
-0.00010029521691050407
-9.811905271410546e-05
-0.00010192058465215353
-0.00010283897045746406
-0.00011228230735481374
-0.00011259473830629657
-0.00011451144687112191
-0.00012215229062038113
-0.0001169128236496201
-0.00011183009773712408
-0.00010743504332057815
-0.00010554245515599189
-0.0001041317528174476
-0.00011599077776267721
-0.00011984314949052486
-0.0001143901228640534
-0.0001129364888674544
-0.00011566068078322007
-0.00012038839212701631
-0.00012847418741262516
-0.00013788817207591313
-0.0001373943494772157
-0.0001229279974790061
-0.0001245851779452194
-0.00012434845531032447
-0.00012681079726463302
-0.00011431048893704349
-0.00011547558389594634
-0.00011809255893564699
-0.00011814219997555738
-0.00011845987679561277
-0.0001234336769653523
-0.00011716394802439766
-0.0001135137910202591
-0.00012628741499410526
-0.000132579751879951
-0.0001384850759053253
-0.000138827874362403
-0.0001336183822034979
-0.00013196303703535967
-0.00012965188669598803
-0.00012384151612286032
-0.00011875141097144258
-0.00011879360486114556
-0.00012562625565890382
-0.00013942705890702655
-0.00014567345701868323
-0.000146419575705455
-0.0001424079338906126
-0.00014032990444421743
-0.00013812332147929762
-0.0001383774580790741
-0.00014498952997349
-0.00015565974075022054
-0.00015134349909015415
-0.00015436664382494322
-0.000157731020229383
-0.00015298265328505693
-0.0001513652732487343
-0.00015099978737178252
-0.00015408899440232777
-0.00014149600688816155
-0.00014932228693169918
-0.0001421731678265768
-0.00014249277390487538
-0.00014405068998010607
-0.00015172701629982541
-0.00014868352673677278
-0.00014770542810866756
-0.0001410260542127944
-0.00014056464644186174
-0.00013885419293390146
-0.00014025274228029438
-0.00014177008230057485
-0.00015304542140939895
-0.00015037131942027932
-0.00015189245918169399
-0.0001521238180040194
-0.00015314214450517897
-0.00014477931888589435
-0.00013987379985362216
-0.00014527588260722612
-0.00013396540389711353
-0.00013382801261972314
-0.00014610539232102796
-0.0001487629275650183
-0.00015115956651446803
-0.00015130946458827624
-0.00015555569274291277
-0.00016205018645663196
-0.00015540135827814698
-0.00016166009923214113
-0.00015813876917111322
-0.0001473054824685264
-0.00014570397979249837
-0.00015971975295508774
-0.00015815614176497818
-0.00014678615344291876
-0.00015209084012746232
-0.0001609188441853416
-0.00016504272724723152
-0.00015809850258384256
-0.0001525266820216152
-0.00015644772132452928
-0.00016614494287629526
-0.0001657388999063077
-0.0001702908468182078
-0.0001645063373896063
-0.0001612097923269155
-0.00016599038965101003
-0.00017796271429744396
-0.00017697319170335436
-0.0001701678007578175
-0.00017807764867841451
-0.00018909537356771487
-0.00019123191345947919
-0.0001890480999200232
-0.00018488431592487403
-0.00017488680968423084
-0.0001844171189799305
-0.00017253375994931227
-0.0001700082957274047
-0.00016617895117425224
-0.00016433575679740235
-0.00016613478237621074
-0.0001681378987483358
-0.00017149967386246142
-0.0001703586215497564
-0.0001858569354133011
-0.0001878128888493143
-0.00018429693296479908
-0.00018373235887916603
-0.0001900534723574542
-0.0001905295203605863
-0.00019533346150030616
-0.00018617856477525418
-0.00018428615258418127
-0.00018952784418905502
-0.0001791707894415126
-0.00016837121368102733
-0.00017618007016517032
-0.00018533419385013348
-0.00018336328640943347
-0.00019298071714661874
-0.00019376317777173148
-0.00018484925756463125
-0.00018114457863184852
-0.0001890285000399608
-0.00019159668245139364
-0.00020236399946151024
-0.0001980224190649558
-0.00019356103510328847
-0.00019225486686804644
-0.00018001443758269175
-0.00017951515840515793
-0.0001735620195786199
-0.00017531306368003764
-0.0001754643075826077
-0.00017523589973899746
-0.00018762182310363333
-0.00018276720295896574
-0.00019611756135064836
-0.0001936754647447741
-0.00020103996760563854
-0.00022505494458757196
-0.00023450216975193445
-0.0002441821531889399
-0.00024177429428226156
-0.0002445804992017101
-0.00023553604155500786
