0.0
0
0
0
0
0
0
0
0
0
0
0
0
0
0
0
0
0
0
0
0
0
0
0
0
0
0
0
0
0
0
0
0
0
0
0
0
0
0
0
0
0
0
0
0
0
0
0
0
0
0.0
1.6812268599924706e-05
2.5808334560970515e-05
2.5808334560970515e-05
2.5808334560970515e-05
2.5808334560970515e-05
2.5808334560970515e-05
2.5808334560970515e-05
3.509436967606394e-05
3.509436967606394e-05
4.425360184620926e-05
7.751509561993229e-05
9.670455484526469e-05
9.670455484526469e-05
9.670455484526469e-05
0.00010673709634312374
0.00014481947504949388
0.00015863358926036412
0.00020029924304929342
0.00023737186054100982
0.00027843657684729233
0.00038363598635651834
0.0004998334382537883
0.0006601191489010682
0.0008034036089017487
0.001003925798081235
0.001190614769857258
0.0013852443373625375
0.0016101007494813795
0.0017768584057094136
0.0019701210581263592
0.0021446992483056017
0.0023511740597798613
0.002575399471832638
0.002799160533434859
0.00302618700727069
0.003198939496990637
0.0032918032667103164
0.003383233447047567
0.0035198600432448813
0.0035577242896063224
0.0035577242896063224
0.0035655161925443137
0.00357975384510384
0.0036110432587881393
0.003634181637959815
0.003719213252714099
0.003822816679027535
0.003949116304952487
0.004087881410236098
0.0042931566320405954
0.004497351673977142
0.004692219838487978
0.004845827471808191
0.005000209370772998
0.005113542551944136
0.00521271438007216
0.005342779762088915
0.005479428029242233
0.005544890157892706
0.0055764092658899395
0.005587917590633687
0.005710020240036367
0.005873489607392301
0.006027827364703942
0.006170354873806833
0.006293421060575323
0.0064648730251070504
0.0067002690587616405
0.006909794710529036
0.0071011729339589295
0.007322221338658485
0.007563327205354477
0.007764754463727538
0.007944799954720194
0.008067253208363923
0.008111588235519208
0.008145318675130062
0.008158789056464624
0.008179706833537614
0.00825426636395156
0.008346540898001832
0.008445272823536694
0.00851505998507679
0.00857049313097575
0.008618835791215432
0.00869904090906447
0.008798484861542914
0.00888379942762737
0.009001718816671396
0.009126836299016504
0.00927340624568098
0.00940607738701021
0.009589878794593163
0.009748571298950721
0.009886955165516732
0.01006360637964188
0.010294909017517933
0.010565922302410519
0.010759976166491355
0.011012129076434304
0.011322246868926703
0.011593473010595382
0.011884543051957885
0.012176090173404415
0.012499952130255247
0.012806488838816011
0.01308768607361214
0.013307794219956311
0.013543876004429554
0.013772553188437904
0.013996868388339223
0.014240184977907955
0.014522184400442102
0.014765046191772171
0.014982398314542114
0.015256485058694882
0.015523988527905111
0.015775649607108796
0.01599896641606011
0.01620210843804413
0.016469810474481313
0.016749250452683613
0.016960173548371288
0.017196102296210665
0.0174167959524327
0.01763613993243931
0.017947530111879193
0.01822136409559021
0.01856446260802459
0.01892414877205408
0.019289164854684154
0.019642664441678198
0.01994940956905227
0.02023712211013281
0.020517899035223955
0.02080834123876683
0.02112639959396755
0.02140315665745209
0.021675835543523588
0.021910552351580476
0.022080488503090794
0.022267750019464447
0.022426859099643676
0.022564022116961298
0.022665917315513276
0.022857619553400634
0.023052829569760975
0.023189748654219477
0.02330111885778698
0.0234503900957992
0.023571554193093557
0.02371617483727795
0.023863113501325035
0.024003429410581454
0.02417726169912608
0.024382957049713813
0.02464028135451514
0.024838603455256705
0.025059877406711145
0.025248588172432324
0.025433509109146803
0.025628304846455126
0.02580357953813999
0.025966811877281684
0.026139439105680982
0.026346221652212915
0.02658373405684056
0.026851359663711327
0.027134183843520107
0.0274403291814921
0.027738364772452753
0.028028686085646303
0.028311007822833863
0.028565921753533875
0.028826848567922114
0.029075296115615306
0.02935065246160674
0.029702003472716648
0.030077238728519685
0.03051463435431048
0.030948105916066778
0.03140539309498113
0.03185959013694834
0.03234763898395867
0.03276977267718658
0.03319399123330008
0.03363232839219997
0.03402442035727058
0.03446846521029177
0.03495428956041259
0.03541726519605016
0.03589821614289085
0.036419661311731445
0.03694790604365957
0.03741541074485524
0.03783056906183773
0.03819973430923547
0.03859900266641612
0.039037141163835935
0.039499143773543736
0.03988532985253959
0.04024006825922548
0.040615509302828645
0.04098919409029814
0.041370882501900144
0.041755090437841966
0.0422289576167027
0.04277123405234206
0.04336327573637855
0.043911537001270845
0.04449351660947739
0.04506090539000152
0.045564216331395756
0.04608482052253874
0.0466344859286426
0.04717594292178881
0.0477234965290517
0.04827983210418399
0.04886953073367874
0.04948736886220483
0.05013997493648877
0.050835231650907815
0.051548590204827056
0.05225163809211207
0.05291904091495518
0.05362381419541292
0.05431066248813189
0.0549865967635333
0.055557621021700546
0.05613863350596403
0.0567464237907589
0.05731165151916865
0.05781660049101687
0.058355972048207375
0.05881723730456827
0.05932225622547717
0.059776418027861156
0.0601587091780917
0.060586853058095635
0.06099680139213832
0.06140783316782227
0.06185882906453432
0.06228258410790195
0.06269779628671349
0.06313186752495956
0.06364062274974167
0.06418037038544055
0.0647057129435766
0.06524654842838692
0.06581236773531386
0.06635797816111767
0.06694452340508894
0.06752879456748259
0.06812479728673228
0.06873630680686266
0.06938623948393731
0.07008609226956863
0.07076408736884127
0.07143247102067425
0.0720370476225335
0.07256938286521786
0.07304461679123975
0.07350796671686809
0.07399235400071007
0.07451122426338039
0.07503526320215227
0.07561111449944546
0.0761734479875145
0.0767887900003669
0.07742761166338426
0.07808017601127838
0.078782309380159
0.07946032145375577
0.08008552585723008
0.08070288898590508
0.08129502974378582
0.0818854720088815
0.08246698270104229
0.08306578569359686
0.08358733989863856
0.0840523976206209
0.08452637449052665
0.08497190996449615
0.08548329587959053
0.08605789828279871
0.08666078537820371
0.08729457106403025
0.08792869458468328
0.08860666641495671
0.08931177120763185
0.09005808900543712
0.09086386148948504
0.09159577945254853
0.09233073415735774
0.0930641931503798
0.09382125092905097
0.09452182119072275
0.09526229425162462
0.0960010948205109
0.09669642048558803
0.09740148468455773
0.09817793954048502
0.09888654686793423
0.09963171470899324
0.10040926482745605
0.10116894298083318
0.10191190113443274
0.10268508844287025
0.10342051335721145
0.10415790951680186
0.10496933389866593
0.10578555622658213
0.10660480161372708
0.10738923703887499
0.10815555490266146
0.10888716809690081
0.10964946375081558
0.11044387379417797
0.11121954959849491
0.1119758800856066
0.11273169859099898
0.11348736581778786
0.11424664026926082
0.1150128240591146
0.11581018491606973
0.11658642216312842
0.11733975510738065
0.1180653863852421
0.11883726936600002
0.11957579830051568
0.12035516525107158
0.1211389779947844
0.1218664462372968
0.12262995994122826
0.12331618017252578
0.12406865465344175
0.12483326663554843
0.12564245142901123
0.1264686163338674
0.12728891492904287
0.12815215596938276
0.1290582031780297
0.12994900888427452
0.1307889571339113
0.1315802281686869
0.13242320490894705
0.13325387284210588
0.13411127518604085
0.13500262426537873
0.1359302772289811
0.13690096484333686
0.13794908975524575
0.13906177768878472
0.14020864824027288
0.14132226343351553
0.1424603752088692
0.14360312097898578
0.14474994743833275
0.1458677836026203
0.1469835845180656
0.14810876834727518
0.14923709653664938
0.15026679646362678
0.15128217508007893
0.15229067208825975
0.15333228652608508
0.15436439321615705
0.15533831159586547
0.15629489586974388
0.15722887742345462
0.1581167883787294
0.159022743942213
0.15995345683884818
0.1608219326384938
0.16167413104745032
0.1624853470812692
0.163284387992873
0.16400393952519965
0.16475890197373833
0.16553511417616382
0.16634589765065816
0.16717031199699828
0.16800791244671365
0.16884842937958372
0.1696721935460747
0.1705142239746873
0.17124877050899007
0.17189082061697217
0.17254701501112665
0.17318761988015763
0.17379258268509712
0.1743925671491952
0.17498592419432563
0.17561740576766663
0.17627440711636283
0.1768610663168904
0.1774742783433156
0.1780472044735866
0.17865740348502518
0.1792765418067373
0.179953051584411
0.18067729041937325
0.18141395436480034
0.18209823381335716
0.18277111835646948
0.1835014282699107
0.18426501484330826
0.1850117690848897
0.1857511771889997
0.18648946493171306
0.18727117648688218
0.1879746376306109
0.18863799167467293
0.18928942007293598
0.18989897815188864
0.19049037627203488
0.191067486499394
0.19162530692228996
0.19221965376393452
0.19278128978651743
0.19341766351838466
0.19402314302541407
0.19462403229581351
0.195155095667294
0.19569678202337698
0.19622265333196684
0.19682240878847146
0.19742007782173301
0.19798462293075111
0.19854568337048265
0.19907741003596913
0.19959761113423535
0.2000785841737482
0.20054406881557796
0.2010503040447395
0.20154131158441344
0.20194610077297606
0.202313237571909
0.20269411155606826
0.20308788991455493
0.20344583376840444
0.20384418394848455
0.2043171080502635
0.20478850981119393
0.2052663564637294
0.2057679386208722
0.20627348880879998
0.20677197857529375
0.20727526824115625
0.2077238273841934
0.20816048388774785
0.20861552166164474
0.20908542922197892
0.20955424535531542
0.21002969249800255
0.2105365221225006
0.21101966314089826
0.21145846951948746
0.21186633799490504
0.2122163399608723
0.21253985192774763
0.21284797611323758
0.21324742382130912
0.213706159979747
0.21422359649172593
0.21474446637121222
0.2152616645795722
0.21576888307410486
0.21632321178055405
0.21684974722942718
0.2173711790242158
0.21787654501559212
0.21844105123708865
0.21900305701041065
0.2195895637820232
0.22019822748454254
0.2207694698873862
0.2213341734007944
0.22194158471017814
0.22255671092203547
0.223106983491439
0.22367454069574924
0.22421261083498192
0.2247478189330498
0.2252912175072622
0.22582037429227558
0.22634028708680123
0.22680926843591503
0.2272531984659704
0.22764853420043432
0.22802167656743458
0.22835714210036837
0.2286626220699339
0.22894647697942125
0.22915328983955874
0.22927903660527627
0.22932138857117934
0.2293309976659053
0.2293309976659053
0.22934821965578744
0.2294172304285995
0.2294426521362054
0.2294426521362054
0.2294426521362054
0.22946618664548674
0.22949679506302764
0.22951598522796038
0.22960923563353303
0.22963497485644221
0.22970397789397132
0.22977507452879492
0.22986149440818676
0.2299478887972667
0.23004833314321876
0.23018273188325294
0.2303265805791775
0.23053748291763165
0.23075960293835007
0.23101354998941478
0.23115594880895704
0.2313190613842262
0.2314533379873915
0.2315385257143323
0.23165815315137853
0.23179925354278672
0.23197358456496237
0.23212268324926885
0.23233614550713036
0.23253977892185765
0.23272714352880894
0.2329112012141157
0.2331620864867011
0.23343025280835328
0.23368916414472266
0.233978009811281
0.23431138821849334
0.23465244257904938
0.23497120667213642
0.23526468595203376
0.2355205561864993
0.2357093451903634
0.2358482222979335
0.23597127510868937
0.23607989926435305
0.23627759155213393
0.23647789536608907
0.23668208069287927
0.2368010597100531
0.2369554356346196
0.23706366344748622
0.23719837395695884
0.2374121629740483
0.23760676658310037
0.2378577722074602
0.2380294174373512
0.2382335905059982
0.23842848373150324
0.2386007524567796
0.23876988054062975
0.23895906125346725
0.23921915168763225
0.239431548591956
0.2396253810442709
0.23978379925060522
0.23992017310263963
0.24007102574007458
0.24023707490101676
0.24036798079291546
0.24045785133171324
0.2405531886044136
0.24063986546496216
0.24076511249293764
0.24084668015469374
0.240856143598665
0.24091825574100087
0.24101106348951218
0.2410562334528396
0.24114262762170907
0.24118651945303313
0.2412794611462735
0.2413148840316924
0.24135615809009112
0.24135615809009112
0.24140312270663455
0.24140688379887648
0.24140688379887648
0.24140688379887648
0.24140688379887648
0.24140688379887648
0.24144642172200023
0.24145879650070665
0.24147349849438515
0.24147349849438515
0.24147800720641496
0.24148344405055439
0.24151292042531347
0.24152731773691266
0.24155417384847713
0.24155417384847713
0.24155417384847713
0.24155417384847713
0.24155706676320593
0.24155706676320593
0.2415662294769015
0.2415662294769015
0.24159746935214058
0.24162456034515384
0.24163139677371578
0.24163139677371578
0.24163139677371578
0.2416863714405379
0.2417363453677495
0.2417363453677495
0.24175028443894334
0.24175028443894334
0.2417716826797743
0.2418060386585783
0.24181240009204522
0.24185291500042777
0.24192243208780437
0.24197439344420088
0.24205925948475285
0.2421636056194978
0.24230290811567265
0.2425499540242991
0.24282899986974513
0.2430766641624874
0.24332682101938236
0.24359562433792872
0.2438647022407434
0.2441331641079137
0.2444062246269058
0.2447143813456688
0.2449948836663471
0.24526890869710563
0.24553837512375576
0.24580745512360383
0.24604392008521012
0.24629204180848524
0.2465797435882484
0.2469043562118027
0.2472130360402172
0.2475659569151729
0.24790021382527605
0.2482108332620437
0.24854378163868923
0.24890891486956596
0.24930714375056298
0.24972452095094283
0.2500690823096727
0.25037153670141105
0.250744557756929
0.25117474020800834
0.2515545444881256
0.2518578946399884
0.2520876976136852
0.25226270498062336
0.2524100055691416
0.2525768176095213
0.25268333790019104
0.2528856425074753
0.2530989653602703
0.2532843924946066
0.2534374253783865
0.25362116588096867
0.25381500953338787
0.25399783251422875
0.25416388352060676
0.2543638439001103
0.2544706633857724
0.25453000607967025
0.2545930259304929
0.2546514533515544
0.25469474458643904
0.254726780507897
0.25472782361458407
0.25472782361458407
0.2547708353864031
0.2548097009815605
0.25489141093320217
0.254946559536334
0.254994343391774
0.25501920399039846
0.2550553339591814
0.25509472487865686
0.25512920208139156
0.255169638181377
0.2552610860753343
0.25529772764276876
0.255342451808967
0.25543266440206047
0.2554776732643589
0.2555301515449562
0.2555730826208093
0.2556853490878673
0.2558475816602947
0.25604663222755963
0.25626419116539917
0.25643008608411944
0.25659003326144547
0.2567874034536163
0.25703816033373345
0.25720050284415125
0.2573260484382772
0.25746690848125614
0.25762336532290064
0.2577304599489651
0.257854246873967
0.2579869723581945
0.2581501906842114
0.25825136341202937
0.2583495070045295
0.25840211650523975
0.2585002033762014
0.25856711260751836
0.2586516179672508
0.25871039730504947
0.25878017624255445
0.2588487738625319
0.2589282031127575
0.25904483418433283
0.25917801438801064
0.2593435155773138
0.2595644315011549
0.2598432738395323
0.2601380529384446
0.26042941351377263
0.26078500350925254
0.26109860322804745
0.26141761749567627
0.26171572947943267
0.26197184494856074
0.2622349098558587
0.2624205038888179
0.2626721050142729
0.2628318823472872
0.2629831167565902
0.2630958561478187
0.26319739358544375
0.2632764448119525
0.2633407801576712
0.26345665845409916
0.2635399314468777
0.2636138814424002
0.2637061085838891
0.26384218900367234
0.2639425064221057
0.2640637023138009
0.2641275192234627
0.264183757479788
0.26425145941933054
0.26430389767813334
0.2644039740932517
0.2645317884484242
0.26468108434333065
0.26486285556926525
0.2650760851587264
0.2653024016307344
0.26556243553827313
0.2657752075816297
0.2660018673199215
0.26625451346502876
0.2664199741937364
0.26656234594969513
0.2667402538470943
0.26693164304608424
0.26715767471228963
0.2673729970570126
0.26762131894752617
0.2679444738964542
0.2682408725351687
0.2685789781498794
0.2689202592929229
0.26931646553233873
0.2697331389170475
0.270189338176873
0.2706594922134975
0.2710950207841511
0.27151056125550804
0.27196050741424166
0.27238200656579425
0.2728176410214897
0.27318512651872173
0.2735220429528143
0.27394128481430274
0.2743272997636765
0.27470698234655505
0.2750997095827908
0.27546524992572063
0.2758084092763644
0.27617742340412005
0.27652577773891723
0.27689903452071174
0.2773425985780694
0.27774889184215296
0.2782042967625214
0.2785832651705309
0.2789771614186556
0.2793387111467223
0.27973224656758994
0.2801594810925597
0.28056219029687607
0.2809273414575193
0.28127620915516316
0.28158113578547983
0.2818241316285476
0.28209583110718667
0.282361472237675
0.28263838489906784
0.2828883368016474
0.2831499924531637
0.28341235812934734
0.2837131907314895
0.2840513499407853
0.2844004328366241
0.2847685636870972
0.28515509399761196
0.28557807814081393
0.28600475395971897
0.2864176154755795
0.2868001046798818
0.2872336176984865
0.2877044948351115
0.28816832842895723
0.28858234540017924
0.28901757421575297
0.2894219953023773
0.28983884154680284
0.2903050423882222
0.29076948821865495
0.2912694815203916
0.2916837818472669
0.2920836525942635
0.2924345471250084
0.2928258412223309
0.29328509697635324
0.29368683156952896
0.29410306474348774
0.29448100491064183
0.29482805902908965
0.2951468317315651
0.2954929282454731
0.29579261397965273
0.29611331881148867
0.296459254849009
0.29680558537608587
0.29713046510137175
0.29745051420330143
0.2977385073592197
0.2980352056483845
0.2983693525780889
0.2987282314090921
0.2990668195555163
0.29942128241967775
0.29976598352448397
0.3000595660719283
0.3003796982628957
0.30067596717595174
0.30092760640336974
0.30112746929251843
0.3013531786671442
0.30158493504015504
0.30181157493937755
0.3021061030349548
0.302434638068392
0.30278867566782364
0.30311097777428103
0.303432379214489
0.30371326500190116
0.30404136507683077
0.30436805562631725
0.3047298645686719
0.3051839539729564
0.30559635540211005
0.3059740581007164
0.3063093910936182
0.30660322740567403
0.30691580371372085
0.3072730689218663
0.30765029667073907
0.30793611528476644
0.30827827579776923
0.3085958428812339
0.30879871957665
0.30903552683964514
0.30923367581126815
0.30949275856017794
0.3097955356225643
0.31006913467368885
0.3103106486201695
0.31054832968532686
0.31078266783362685
0.3110117655463552
0.31122566191299794
0.3115157427682656
0.311836034359248
0.3121392403773112
0.3124345016071823
0.31272021728124555
0.313046018039138
0.31340277353546525
0.3137191157365622
0.3140584920391504
0.31442880759381164
0.31476666636647543
0.3150496414947226
0.31536959435623163
0.31563600963803184
0.31592382219596976
0.31622793715543995
0.31650941502411156
0.31680659019476143
0.3170898836469647
0.31732946553181696
0.31752889945574275
0.31779890598978483
0.31800650632518856
0.3182097392747245
0.3183724703474276
0.3185797660163895
0.31878923050268515
0.31900040648809275
0.3191356187711374
0.3192541736949892
0.3194195811998307
0.31961232661545
0.31980723750703594
0.31999174756779764
0.32014495669902904
0.3203235741681813
0.32042578585955706
0.32054586854616723
0.32064876296564554
0.32072895780262717
0.320767153540274
0.3207997787766199
0.3208209620162264
0.3208209620162264
0.3208209620162264
0.3208739925202064
0.3209611233311565
0.32104212715983
0.3211434439332019
0.3212397257222878
0.3213435823377852
0.32148636192206315
0.32160097700811596
0.32166357979263416
0.32167697572268533
0.32167697572268533
0.32167697572268533
0.32167697572268533
0.32167697572268533
0.32167697572268533
0.32167697572268533
0.32167697572268533
0.32171364660229146
0.32173081533240133
0.3217619755403255
0.3217619755403255
0.32177902844492495
0.32179387452594216
0.3218369085212305
0.32185682506496743
0.32185682506496743
0.32185682506496743
0.32185682506496743
0.32185682506496743
0.3218648919156194
0.32186967071240796
0.3218898328518301
0.3218898328518301
0.3220015689502718
0.3221750831788
0.3223294885929972
0.3224700025147088
0.32259218985417504
0.3227475621285814
0.322936241840896
0.3231073805493156
0.32326669025305793
0.32344461117825357
0.3236579353193928
0.32382727697229474
0.3240238138373182
0.32422308023926893
0.3243924201670968
0.3245238713530964
0.32461667375899045
0.3246912391215021
0.3247402827104327
0.3247402827104327
0.3247402827104327
0.3247422966860725
0.3247422966860725
0.3247422966860725
0.3247597182332334
0.3247597182332334
0.3247597182332334
0.3247748726797226
0.32487189567271224
0.3249757637937617
0.32507107617600833
0.3252253505530996
0.3253141779194658
0.3254218310576163
0.32553759908092555
0.32564450934406736
0.32574300981216475
0.3258228177350368
0.32591509588338974
0.3260025946232879
0.32610817319561863
0.32618190118817475
0.3262675633616409
0.3263179904415047
0.3264257930683865
0.3265026208608742
0.326587583814315
0.32669022685173965
0.32677191518548737
0.326843790954865
0.3270090918765944
0.3272229896713967
0.32739308520062327
0.3275320190469516
0.3276579653885886
0.32782207383114775
0.3280633871083067
0.32832931008870014
0.32857240214379685
0.328819240374459
0.32902954971019505
0.3292895816387598
0.32958584286735354
0.32991836270645336
0.33024426764103426
0.3305452966146238
0.33093728900234665
0.3313390470968512
0.3317206882915565
0.33205417090196676
0.3323878711563516
0.3327121247875498
0.33301269769651426
0.33331555663477197
0.33363296298676975
0.33392834635642177
0.33414318802576065
0.33440379385873775
0.33459351758685457
0.33481443719098436
0.3350734422695318
0.3353967477185945
0.3357585549631254
0.336126119244064
0.3365160378510535
0.33694701606727384
0.3373301073779918
0.3377111408743952
0.33817361033176535
0.3386798360588032
0.33920790433392395
0.3397066177901138
0.340220033938222
0.34067563227820025
0.3410924722494146
0.3414980514628894
0.3418571678474639
0.34218439755006713
0.3425682382889391
0.3429068983551072
0.3432341241567555
0.3435465520807545
0.34391394881650394
0.34427127642193667
0.34464092890211284
0.3450025092890634
0.34539241961874284
0.3458211365127206
0.34626727640367067
0.3466859107780215
0.34711277529912304
0.3475574078373025
0.348065608269805
0.3485593522970597
0.3489910027267071
0.3494623729067276
0.3499403607991589
0.3504253656013784
0.3508637470251993
0.35128402199546827
0.351674848266665
0.35201451168964526
0.3523963767469877
0.3527734219532664
0.3531059208647276
0.3534145044255963
0.3537019728356275
0.3539432972214591
0.3541753192382658
0.35434401102484553
0.3545403179217555
0.35476428778128993
0.35503169391114986
0.3553137363726922
0.3555794153340364
0.3558329150901164
0.3560579116896982
0.35634908382876856
0.3565923076508708
0.35684742768502564
0.357046848796312
0.3573223581142395
0.35753859272075883
0.35775641414492804
0.35800218212901264
0.3582302733135204
0.35849323244479886
0.35874741901479285
0.3590029697530623
0.3592608378493176
0.3594962102543674
0.35968708794439597
0.3598939749910427
0.36014335296734207
0.3604122900273183
0.3606508850593078
0.36084090157981213
0.3611101090838017
0.361432945145932
0.36173535636078813
0.36205715294442037
0.3623461069241785
0.3626065524087631
0.3628373227622498
0.3630507242584419
0.3632866091776568
0.3635236133115743
0.3637892884802363
0.36401942810264987
0.36422018169898696
0.36438362124144
0.36454873039814234
0.3647286724749524
0.36488860955165175
0.3650232690578788
0.3651387985411399
0.36524622596216355
0.3655021874171333
0.3659946465371293
0.3668903983394608
0.3682842667976402
0.37023498806977817
0.37279765163069856
0.37620359800200986
0.3804646268017003
0.38566309289228906
0.39208067590542756
0.3998015259959497
0.40895456347448267
0.4196639768798227
0.4319168653856667
0.44575360879156095
0.4611585294651004
0.4781591004198727
0.49675321962085317
0.5170417872169899
0.5389903568597184
0.5627491665131336
0.5883622949229472
0.6158523555020456
0.6452356188247427
0.6765368351084781
0.7098613505468867
0.745259803932007
0.7828118223319978
0.8224849515278226
0.8644140873946458
0.9085244547798178
0.9548720642220664
1.003395947872131
1.0541294003454609
1.1071018926219556
1.1623155255282798
1.2197297100913143
1.2793125229796327
1.3410843449761163
1.4051345874780066
1.471487384264991
1.5400374171835964
1.6108178950474987
1.6838331573132883
1.7591308476830398
1.8367550972357407
1.9166095058665542
1.9986722788346127
2.0830028992808867
2.1695226350006838
2.258218384482866
2.349246731377809
2.442530261581603
2.538141106364738
2.636118185141413
2.736639699914889
2.8396461637140793
2.945314251769099
3.0536013944937017
3.1646330685338886
3.2783540698631497
3.39471295854369
3.5137866729784903
3.635677344910732
3.760178057162105
3.887367379405584
4.017208059650375
4.149768578606863
4.2850288757188135
4.422939842695032
4.563587833387683
4.706912342913492
4.852894204678555
5.001457131963659
5.152580295201357
5.306372034035612
5.46284467521211
5.621983733160445
5.783789335644795
5.948322413296761
6.115529228880031
6.285430237920958
6.457972325034158
6.633181498597799
6.811013469427605
6.991423006473346
7.17449734842429
7.36023285815678
7.548675516027959
7.73969997735187
7.933373480376552
8.12968491559531
8.328602849362534
8.530192512845067
8.734437380462825
8.941309420231917
9.15085838879751
9.363095215860413
9.57793139986127
9.795466562134163
10.015583304881206
10.238360820753481
10.463811083728576
10.69194176269012
10.922654785352506
11.156027002346866
11.392054058037601
11.630734174966232
11.872186913350797
12.116305948482296
12.363093055769323
12.612480694932497
12.864560560366067
13.119338077657662
13.376786059946713
13.63685454419868
13.899706812420922
14.165228780785961
14.433437451823664
14.704329874773965
14.977909356137655
15.254098809522201
15.532964443899058
15.814427359053857
16.09857031696326
16.38538164805942
16.674817067624797
16.966933609178206
17.261716983966014
17.559161118774608
17.859227172709907
18.161941312743668
18.46728037079573
18.775249662571966
19.085866632198474
19.399141559350124
19.71511775368919
20.033797657468405
20.355177309953977
20.67926810946674
21.006084539381213
21.335638406232423
21.66789643034669
22.002774851829624
22.34034868632052
22.68055318514967
23.023435712450386
23.368934748859207
23.717063914127724
24.067834537614676
24.42135824355921
24.777573653067115
25.13641160083799
25.49790694724469
25.862121312139454
26.229012736057644
26.598550254570224
26.97075000677958
27.345619253599292
27.72311083719518
28.103276722658656
28.486123787119286
28.871615626492233
29.2598256178145
29.650662871567523
30.04419294023199
30.44042887119432
30.839319458729744
31.240844605682412
31.645016895798484
32.051913332752655
32.4614231611527
32.873587865859356
33.28844448310455
33.70593208594154
34.12608295494693
34.54897194123676
34.97454236227106
35.40276186933992
35.83368425033544
36.267311172510084
36.703583345298235
37.14256612666502
37.58422586502537
38.028517663666015
38.47544125375225
38.9250546892604
39.377350201212224
39.832336296436125
40.289962499911766
40.75024662727985
41.21317605531143
41.67876397771477
42.147066084946225
42.61806868090081
43.091708347013686
43.56804420113458
44.04706346171188
44.52865601844778
45.01296265967407
45.499949857604264
45.98963623387241
46.482010084302686
46.97709655726826
47.474908063995244
47.97536580767466
48.4785421989003
48.98435732952015
49.49287344922702
50.003980585140056
50.517752719020066
51.03416525718836
51.55331851712876
52.07510991790649
52.59961680032148
53.1267878777279
53.656600578210394
54.189090340548674
54.72424024372379
55.26203799888172
55.802519495405086
56.3456611079357
56.89148811642641
57.43995946338778
57.99112944685904
58.54501551421667
59.101553375318396
59.6607732476005
60.22271149124522
60.78730242271436
61.3545083527048
61.92437289626287
62.49687364135321
63.07207704505363
63.649972355515565
64.23052792298729
64.81377299048972
65.39968946125616
65.98823887799907
66.57947127652805
67.17337095586953
67.76989229623054
68.36911406997744
68.97102303228678
69.57552241801733
70.18262553943174
70.79236665910624
71.40480357754346
72.01982686745609
72.63755667351332
73.25800162632338
73.88111727097326
74.50690239752772
75.13535564169283
75.76648608481315
76.40029419568526
77.0368232309905
77.67600104929735
78.31784545728769
78.96234998476785
79.60952389586717
80.25935830286456
80.91178929234317
81.56681750462128
82.22455752547009
82.88501911082307
83.54815493917037
84.21390531474786
84.88235722291466
85.55343659860988
86.22715347811825
86.9035857570916
87.58262925440089
88.26437113697412
88.94875025315655
89.63585564569352
90.32554085992022
91.01790768744861
91.71297163675678
92.41069072618521
93.11101534912594
93.81400402406642
94.51969970729417
95.2281190832078
95.93917695488571
96.65287018711945
97.36929685414486
98.08844280980624
98.81034256315193
99.53489454854504
100.26213794047592
100.99202739286629
101.72457161310973
102.45973165298005
103.19761316571115
103.9381751131308
104.68144529673413
105.42731368171606
106.17572436444796
106.9267893740896
107.68053623844492
108.43691229014867
109.19590086874385
109.95751108474546
110.72178900635143
111.48873719808373
112.25834072001312
113.03055581164483
113.80535920660746
114.58288110982788
115.36307119147159
116.14589844763333
116.93136388237619
117.71943163762468
118.51019502539022
119.30367700078504
120.0997755176116
120.89855641503071
121.69998770492522
122.50416430392312
123.31106897829174
124.12064346827978
124.93287421613795
125.74778059996355
126.56531401424671
127.38544122679865
128.20818851689086
129.03365476669177
129.8617661377065
130.69247944651616
131.52585814239276
132.3618935620996
133.20058312887997
134.04197520892592
134.88603379213592
135.73273290198577
136.58202327650116
137.43402605717696
138.28863854933948
139.14592027928828
140.0058572464453
140.86841545742755
141.7336514804907
142.60149832212488
143.4719997765915
144.34520783104762
145.2210843520467
146.09965588388616
146.98093397793406
147.86485428425152
148.75137977691728
149.64054967792777
150.53241880431935
151.4269679073727
152.32420206418425
153.22407801931686
154.12654164589296
155.03177462152163
155.93962094103102
156.85012991859531
157.76329038867257
158.6790645179812
159.59748848605108
160.51858708678938
161.4424112790079
162.36890983381778
163.2980323655735
164.2297456736257
165.16411658166024
166.1011176544837
167.04081169896256
167.98314374258018
168.92821555738635
169.87593180447746
170.8263604155514
171.77941274123367
172.73513825234934
173.69356969585863
174.65464446212061
175.61841601775106
176.58482933962293
177.55391105472995
178.5256421780912
179.50002080431872
180.47707415552577
181.45684135432847
182.43931395062452
183.42448773543586
184.41229743222766
185.4027909149096
186.3960304551664
187.39198370866583
188.39059016470324
189.391904639333
190.3958246540965
191.40246046788644
192.41170741284833
193.4235932280062
194.43815520327138
195.4553950397568
