1.3328381729989785e-09
0
0
0
0
0
0
0
0
0
0
0
0
0
0
0
0
0
0
0
0
0
0
0
0
0
0
0
0
0
0
0
0
0
0
0
0
0
0
0
0
0
0
0
0
0
0
0
0
0
6.164820183405095e-09
9.949348361223289e-09
8.331034646010927e-09
8.295449202132761e-09
8.431038253212112e-09
8.11540035200713e-09
8.762085760215481e-09
8.762085760215481e-09
8.107621670643553e-09
7.61683407249581e-09
7.634194103742825e-09
6.326555276455125e-09
6.326555276455125e-09
6.326555276455125e-09
6.326555276455125e-09
1.3088206875639378e-09
1.3088206875639378e-09
1.3088206875639378e-09
1.3088206875639378e-09
1.3088206875639378e-09
-7.9154265957586e-10
-7.9154265957586e-10
-1.5178878791054453e-08
-3.275495300619788e-08
-7.162046186166633e-08
-1.0032543696883807e-07
-1.5047714517812976e-07
-2.251882692792561e-07
-2.796985495910016e-07
-3.235446751090397e-07
-3.663772220525523e-07
-4.286673429909713e-07
-4.687569902746249e-07
-4.95213967805218e-07
-5.542192932788647e-07
-6.266455763463738e-07
-6.762463622038671e-07
-7.051598295753463e-07
-7.530588389844658e-07
-8.10820191715298e-07
-8.671435039383413e-07
-9.240595314135707e-07
-1.0007187678514231e-06
-1.0843044896360182e-06
-1.1616953930731565e-06
-1.197311758535381e-06
-1.251339966035076e-06
-1.2970504819530974e-06
-1.3455914644658809e-06
-1.3918972883136274e-06
-1.4507775678425896e-06
-1.493825647902384e-06
-1.508753350254699e-06
-1.512017726939139e-06
-1.512177361514606e-06
-1.52077703902778e-06
-1.5374619032411986e-06
-1.5402194776487808e-06
-1.5508005012656065e-06
-1.5681073147145624e-06
-1.579859408467908e-06
-1.5882532476315387e-06
-1.5936418421685782e-06
-1.5995941662075935e-06
-1.6090571671341869e-06
-1.6150907220682465e-06
-1.6258731312197614e-06
-1.6567098205171922e-06
-1.6891753026726069e-06
-1.7222255073903571e-06
-1.7390110219714558e-06
-1.7643747511087156e-06
-1.7772690774128098e-06
-1.8039611737069528e-06
-1.8258937115095336e-06
-1.8258937115095336e-06
-1.8258937115095336e-06
-1.8258937115095336e-06
-1.8258937115095336e-06
-1.8258937115095336e-06
-1.8258937115095336e-06
-1.8258937115095336e-06
-1.8502386434168965e-06
-1.897533005688115e-06
-1.940589241124801e-06
-2.0351913721552434e-06
-2.157764416035018e-06
-2.254381107566675e-06
-2.398444105340944e-06
-2.531552412093528e-06
-2.6721552624578884e-06
-2.8304393238720527e-06
-2.968285986955805e-06
-3.119344993750356e-06
-3.2858392988047317e-06
-3.4519346470180955e-06
-3.591748326497562e-06
-3.745950884898195e-06
-3.854326479508263e-06
-3.964626922037686e-06
-4.063040154043978e-06
-4.22887763201095e-06
-4.329851969189197e-06
-4.420033917424257e-06
-4.5574668229121225e-06
-4.670790351810847e-06
-4.810643486165809e-06
-4.936616910816778e-06
-5.070573679798313e-06
-5.218914116021447e-06
-5.400812285709986e-06
-5.588233832250491e-06
-5.7607041336455046e-06
-5.9379761499870665e-06
-6.097275852121016e-06
-6.243845209473011e-06
-6.4125182079296675e-06
-6.616743355478471e-06
-6.81039457812596e-06
-6.9945841339903855e-06
-7.176310281882816e-06
-7.344751555505666e-06
-7.5634351034930835e-06
-7.825812623875275e-06
-8.124096407308152e-06
-8.46046583070122e-06
-8.760901637063367e-06
-9.061047733228501e-06
-9.35706578824015e-06
-9.72011884460884e-06
-1.0069620397147839e-05
-1.0388856195606334e-05
-1.070169045715747e-05
-1.0976770077779442e-05
-1.133909748103476e-05
-1.1734575559934822e-05
-1.2195900284389599e-05
-1.2661139761584873e-05
-1.3232868375464538e-05
-1.381738850736282e-05
-1.4453715304803428e-05
-1.5121662894418983e-05
-1.5719603413052435e-05
-1.6294984044948717e-05
-1.6764720739167537e-05
-1.7190437648671406e-05
-1.7564619442936218e-05
-1.7959462721560018e-05
-1.8393648616161982e-05
-1.88641415893541e-05
-1.9386417852706805e-05
-2.0007513681080538e-05
-2.0652289054850522e-05
-2.136895938323083e-05
-2.2068769285370617e-05
-2.271695245056764e-05
-2.333733184120814e-05
-2.3922511948409357e-05
-2.4493882312756064e-05
-2.506906309156402e-05
-2.5642871568371266e-05
-2.6107221940965066e-05
-2.6601835555547367e-05
-2.7002934622015218e-05
-2.7424960099592135e-05
-2.781944376864903e-05
-2.830968303174181e-05
-2.88695179288176e-05
-2.94460395139546e-05
-3.0100625089998473e-05
-3.083047044497896e-05
-3.1521448112691565e-05
-3.221838166035082e-05
-3.289866995567749e-05
-3.363988401621397e-05
-3.43450691314994e-05
-3.498882943291854e-05
-3.55917008931012e-05
-3.618185768092576e-05
-3.675466134040462e-05
-3.7274533444439625e-05
-3.7760306822542075e-05
-3.8249585917992014e-05
-3.874866054944304e-05
-3.9292573958620116e-05
-3.986346791770406e-05
-4.03420951586664e-05
-4.0832601434519075e-05
-4.1282048588250084e-05
-4.183869616041878e-05
-4.2399924882643364e-05
-4.290705020440929e-05
-4.3436932466940084e-05
-4.39823369185489e-05
-4.4514065614741445e-05
-4.5018479887306225e-05
-4.548428867956931e-05
-4.593757772033992e-05
-4.631642331206035e-05
-4.6658941466092504e-05
-4.694518487072189e-05
-4.729932262655444e-05
-4.7620940237559205e-05
-4.791846919634033e-05
-4.826617550839392e-05
-4.85878400756862e-05
-4.893537235964742e-05
-4.937468996649817e-05
-4.980066429063242e-05
-5.0340075066124814e-05
-5.0912418272220993e-05
-5.1491482490961056e-05
-5.205047244270883e-05
-5.2645267983267035e-05
-5.3257451928663575e-05
-5.384157309596042e-05
-5.447247661802951e-05
-5.516985547912946e-05
-5.598507805960991e-05
-5.673898951270332e-05
-5.753193203612806e-05
-5.823756998123043e-05
-5.8942772283512896e-05
-5.97328071777776e-05
-6.056034989653805e-05
-6.138854509118572e-05
-6.218996933610578e-05
-6.300484566238156e-05
-6.36410199011429e-05
-6.446372344857802e-05
-6.529292699783383e-05
-6.620136537056551e-05
-6.715803129434733e-05
-6.824466324779293e-05
-6.94433445934243e-05
-7.062128035918116e-05
-7.17066734397089e-05
-7.26750686009998e-05
-7.361898330754154e-05
-7.473440056049537e-05
-7.585053025679198e-05
-7.690282156155893e-05
-7.781018402527054e-05
-7.876342662036666e-05
-7.97806951464412e-05
-8.072095889673189e-05
-8.172329527303278e-05
-8.256748946313093e-05
-8.339505824290815e-05
-8.420176895147818e-05
