0.0
0
0
0
0
0
0
0
0
0
0
0
0
0
0
0
0
0
0
0
0
0
0
0
0
0
0
0
0
0
0
0
0
0
0
0
0
0
0
0
0
0
0
0
0
0
0
0
0
0
0.0
0.0
0.0
0.0
0.0
0.0
0.0
0.0
0.0
0.0
0.0
0.0
0.0
0.0
0.0
0.0
0.0
0.0
0.0
0.0
0.0
0.0
0.0
0.0
0.0
0.0
0.0
0.0
0.0
0.0
0.0
0.0
0.0
0.0
0.0
0.0
0.0
0.0
0.0
0.0
0.0
0.0
0.0
0.0
0.0
0.0
0.0
0.0
0.0
0.0
0.0
0.0
0.0
0.0
0.0
0.0
0.0
0.0
0.0
0.0
0.0
0.0
0.0
0.0
0.0
0.0
0.0
0.0
0.0
0.0
0.0
0.0
0.0
0.0
0.0
0.0
0.0
0.0
0.0
0.0
0.0
0.0
0.0
0.0
0.0
0.0
0.0
0.0
0.0
0.0
0.0
0.0
0.0
0.0
0.0
0.0
0.0
0.0
0.0
0.0
0.0
0.0
0.0
0.0
0.0
0.0
0.0
0.0
0.0
0.0
0.0
0.0
0.0
0.0
0.0
0.0
0.0
0.0
0.0
0.0
0.0
0.0
0.0
0.0
0.0
0.0
0.0
0.0
0.0
0.0
0.0
0.0
0.0
0.0
0.0
0.0
0.0
0.0
0.0
0.0
0.0
0.0
0.0
0.0
0.0
0.0
0.0
0.0
0.0
0.0
0.0
0.0
0.0
0.0
0.0
0.0
0.0
0.0
0.0
0.0
0.0
0.0
0.0
0.0
0.0
0.0
0.0
0.0
0.0
0.0
0.0
0.0
0.0
0.0
0.0
0.0
0.0
0.0
0.0
0.0
0.0
0.0
0.0
0.0
0.0
0.0
0.0
0.0
0.0
0.0
0.0
0.0
0.0
0.0
0.0
0.0
0.0
0.0
0.0
0.0
0.0
0.0
0.0
0.0
0.0
0.0
0.0
0.0
0.0
0.0
0.0
0.0
0.0
0.0
0.0
0.0
0.0
0.0
0.0
0.0
0.0
0.0
0.0
0.0
0.0
0.0
0.0
0.0
0.0
0.0
0.0
0.0
0.0
0.0
0.0
0.0
0.0
0.0
0.0
0.0
0.0
0.0
0.0
0.0
0.0
0.0
0.0
0.0
0.0
0.0
0.0
0.0
0.0
0.0
0.0
0.0
0.0
0.0
0.0
0.0
0.0
0.0
0.0
0.0
0.0
0.0
0.0
0.0
0.0
0.0
0.0
0.0
0.0
0.0
0.0
0.0
0.0
0.0
0.0
0.0
0.0
0.0
0.0
0.0
0.0
0.0
0.0
0.0
0.0
0.0
0.0
0.0
0.0
0.0
0.0
0.0
0.0
0.0
0.0
0.0
0.0
0.0
0.0
0.0
0.0
0.0
0.0
0.0
0.0
0.0
0.0
0.0
0.0
0.0
0.0
0.0
0.0
0.0
0.0
0.0
0.0
0.0
0.0
0.0
0.0
0.0
0.0
0.0
0.0
0.0
0.0
0.0
0.0
0.0
0.0
0.0
0.0
0.0
0.0
0.0
0.0
0.0
0.0
0.0
0.0
0.0
0.0
0.0
0.0
0.0
0.0
0.0
0.0
0.0
0.0
0.0
0.0
0.0
0.0
0.0
0.0
0.0
0.0
0.0
0.0
0.0
0.0
0.0
0.0
0.0
0.0
0.0
0.0
0.0
0.0
0.0
0.0
0.0
0.0
0.0
0.0
0.0
0.0
0.0
0.0
0.0
0.0
0.0
0.0
0.0
0.0
0.0
0.0
0.0
0.0
0.0
0.0
0.0
0.0
0.0
0.0
0.0
0.0
0.0
0.0
0.0
0.0
0.0
0.0
0.0
0.0
0.0
0.0
0.0
0.0
0.0
0.0
0.0
0.0
0.0
0.0
0.0
0.0
0.0
0.0
0.0
0.0
0.0
0.0
0.0
0.0
0.0
0.0
0.0
0.0
0.0
0.0
0.0
0.0
0.0
0.0
0.0
0.0
0.0
0.0
0.0
0.0
0.0
0.0
0.0
0.0
0.0
0.0
0.0
0.0
0.0
0.0
0.0
0.0
0.0
0.0
0.0
0.0
0.0
0.0
0.0
0.0
0.0
0.0
0.0
0.0
0.0
0.0
0.0
0.0
0.0
0.0
0.0
0.0
0.0
0.0
0.0
0.0
0.0
0.0
0.0
0.0
0.0
0.0
0.0
0.0
0.0
0.0
0.0
0.0
0.0
0.0
0.0
0.0
0.0
0.0
0.0
0.0
0.0
0.0
0.0
0.0
0.0
0.0
0.0
0.0
0.0
0.0
0.0
0.0
0.0
0.0
0.0
0.0
0.0
0.0
0.0
0.0
0.0
0.0
0.0
0.0
0.0
0.0
0.0
0.0
0.0
0.0
0.0
0.0
0.0
0.0
0.0
0.0
0.0
0.0
0.0
0.0
0.0
0.0
0.0
0.0
0.0
0.0
0.0
0.0
0.0
0.0
0.0
0.0
0.0
0.0
0.0
0.0
0.0
0.0
0.0
0.0
0.0
0.0
0.0
0.0
0.0
0.0
0.0
0.0
0.0
0.0
0.0
0.0
0.0
0.0
0.0
0.0
0.0
0.0
0.0
0.0
0.0
0.0
0.0
0.0
0.0
0.0
0.0
0.0
0.0
0.0
0.0
0.0
0.0
0.0
0.00017618680051686652
0.0010883154642709414
0.002736385991262189
0.005120398381490645
0.00824035263495631
0.012096248751659181
0.01668808673159926
0.02201586657477655
0.028079588281191014
0.03487925185084269
0.042414857283731566
0.05068640457985765
0.059693893739220946
0.06943732476182142
0.0799166976476591
0.09113201239673399
0.10308326900904609
0.1157704674845954
0.12919360782338188
0.14335269002540557
0.15824771409066646
0.17387868001916457
0.19024558781089987
0.2073484374658724
0.22518722898408208
0.243761962365529
0.2630726376102131
0.2831192547181344
0.3039018136892929
0.32542031452368864
0.3476747572213215
0.3706651417821916
0.39439146820629895
0.4188537364936435
0.4440519466442252
0.46998609865804414
0.49665619253510024
0.5240622282753936
0.5522042058789242
0.5810821253456919
0.6106959866756968
0.6410457898689389
0.6721315349254182
0.7039532218451348
0.7365108506280885
0.7698044212742794
0.8038339337837075
0.8385993881563728
0.8741007843922753
0.9103381224914151
0.9473114024537921
0.9850206242794062
1.0234657879682576
1.0626468935203461
1.102563940935672
1.143216930214235
1.184605861356035
1.2267307343610725
1.269591549229347
1.313188305960859
1.3575210045556079
1.402589645013594
1.4483942273348174
1.494934751519278
1.5422112175669758
1.5902236254779107
1.6389719752520828
1.6884562668894922
1.7386765003901388
1.7896326757540226
1.8413247929811436
1.8937528520715017
1.946916853025097
2.0008167958419296
2.0554526805219995
2.1108245070653067
2.1669322754718507
2.223775985741632
2.281355637874651
2.3396712318709065
2.3987227677303995
2.45851024545313
2.519033665039097
2.5802930264883015
2.6422883298007434
2.7050195749764225
2.7684867620153386
2.832689890917492
2.8976289616828828
2.9633039743115104
3.0297149288033753
3.0968618251584776
3.1647446633768173
3.2333634434583938
3.3027181654032076
3.372808829211259
3.443635434882547
3.5151979824170723
3.587496471814835
3.6605309030758346
3.7343012762000716
3.808807591187546
3.8840498480382575
3.960028046752206
4.036742187329391
4.114192269769815
4.192378294073475
4.2713002602403725
4.350958168270507
4.431352018163879
4.512481809920488
4.5943475435403345
4.676949219023418
4.760286836369739
4.844360395579296
4.929169896652091
5.014715339588124
5.100996724387393
5.188014051049899
5.275767319575643
5.364256529964624
5.453481682216842
5.543442776332298
5.63413981231099
5.7255727901529205
5.817741709858088
5.910646571426492
6.004287374858134
6.098664120153012
6.193776807311128
6.289625436332481
6.3862100072170715
6.483530519964899
6.581586974575964
6.6803793710502655
6.779907709387804
6.880171989588581
6.981172211652594
7.082908375579844
7.185380481370332
7.288588529024057
7.39253251854102
7.49721244992122
7.602628323164656
7.70878013827133
7.8156678952412415
7.9232915940743895
8.031651234770775
8.140746817330399
8.25057834175326
8.361145808039357
8.472449216188691
8.584488566201262
8.69726385807707
8.810775091816117
8.9250222674184
9.040005384883921
9.155724444212678
9.272179445404673
9.389370388459904
9.507297273378374
9.62596010016008
9.745358868805024
9.865493579313204
9.986364231684622
10.107970825919276
10.230313362017169
10.353391839978299
10.477206259802665
10.601756621490269
10.72704292504111
10.853065170455189
10.979823357732505
11.107317486873058
11.235547557876847
11.364513570743874
11.494215525474138
11.62465342206764
11.755827260524379
11.887737040844355
12.020382763027568
12.153764427074018
12.287882032983704
12.42273558075663
12.558325070392792
12.694650501892191
12.831711875254827
12.9695091904807
13.108042447569812
13.24731164652216
13.387316787337745
13.528057870016568
13.669534894558627
13.811747860963923
13.954696769232457
14.098381619364229
14.242802411359238
14.387959145217483
14.533851820938965
14.680480438523684
14.827844997971642
14.975945499282837
15.124781942457268
15.274354327494937
15.424662654395842
15.575706923159986
15.727487133787367
15.880003286277985
16.03325538063184
16.187243416848933
16.341967394929263
16.49742731487283
16.653623176679634
16.810554980349675
16.968222725882953
17.126626413279467
17.28576604253922
17.445641613662207
17.606253126648433
17.767600581497895
17.929683978210598
18.092503316786537
18.256058597225714
18.420349819528127
18.585376983693777
18.751140089722664
18.91763913761479
19.08487412737015
19.252845058988747
19.42155193247058
19.590994747815653
19.761173505023965
19.932088204095514
20.1037388450303
20.276125427828323
20.449247952489582
20.62310641901408
20.797700827401812
20.973031177652782
21.14909746976699
21.325899703744433
21.503437879585114
21.681711997289035
21.860722056856194
22.04046805828659
22.22095000158022
22.40216788673709
22.584121713757195
22.766811482640538
22.950237193387117
23.134398845996934
23.319296440469987
23.504929976806277
23.691299455005804
23.878404875068572
24.066246236994576
24.254823540783818
24.444136786436296
24.63418597395201
24.824971103330963
25.016492174573152
25.208749187678578
25.40174214264724
25.59547103947914
25.789935878174276
25.985136658732653
26.181073381154267
26.377746045439117
26.575154651587205
26.77329919959853
26.972163690736934
27.17174812500242
27.372036503658826
27.573012827969997
27.774677097935935
27.97702931355664
28.18003747735979
28.383701589345392
28.588021649513447
28.79299765786395
28.998613615660748
29.204869522903838
29.411765379593223
29.6193011857289
29.82747694131087
30.036292646339135
30.24574830081369
30.45584390473454
30.666579458101683
30.87795496091512
31.08997041317485
31.302625814880873
31.515921166033188
31.729856466631798
31.9444317166767
32.159646916167894
32.37550206510538
32.59199716348916
32.80913221131924
33.0269072085956
33.24532215531826
33.46437705148722
33.68407189710247
33.90440669216401
34.12534943919953
34.34686814073672
34.568946798039406
34.791569412371445
35.014735983732834
35.23844651212357
35.462700997543664
35.6874994399931
35.91284183947188
36.138728195980015
36.3651585095175
36.592132780084334
36.81965100768052
37.04771319230605
37.27631933396093
37.50546943264516
37.73516348835874
37.96540150110167
38.1961994696101
38.4275733926202
38.659523270131956
38.892049102145386
39.12516688739663
39.3588766258857
39.59319431634874
39.82811995878577
40.06365355319677
40.29979509958176
40.53654459794072
40.773902048273655
41.011867450580574
41.25044080486147
41.48962211111635
41.7294113693452
41.96980857954803
42.21081374172484
42.45242685587563
42.6946479220004
42.937476940099145
43.180913910171874
43.42495883221858
43.66961170623926
43.91487253223392
44.16074131020256
44.40721804014518
44.65430272206178
44.90199535595235
45.15029594181691
45.39920447965544
45.64872096946795
45.89884541125444
46.14957780501491
46.400918150749355
46.65286644845778
46.905422698140185
47.15858689979657
47.412359053426925
47.666739159031266
47.92172721660958
48.17732322616188
48.433527187688156
48.69033910118841
48.94775896666264
49.20578678411085
49.46442255353304
49.72366627492921
49.98351794829935
50.24397757364348
50.50504515096158
50.76672068025366
51.02900416151972
51.29189559475976
51.55539497997378
51.81950231716177
52.08421760632375
52.3495408474597
52.61547204056963
52.88201118565354
53.149158282711426
53.416913331743295
53.68527633274914
53.95424728572896
54.223826190682765
54.494013047610544
54.764807856512306
55.03621061738804
55.30822133023776
55.58083999506145
55.854066611859125
56.12790118063078
56.40234370137641
56.67739417409602
56.95305259878961
57.229318975457176
57.50619330409872
57.783675584714246
58.06176581730375
58.34046400186723
58.61977013840469
58.89968422691613
59.180206267401545
59.46133625986094
59.74307420429432
60.025420100701666
60.308373949083
60.591935749438306
60.8761055017676
61.160883206070864
61.446268862348106
61.73226247059933
62.01886403082453
62.306073543023714
62.59389100719687
62.88231642334401
63.171349791465126
63.46099111156022
63.751240383629295
64.04209760767235
64.33356278368937
64.62563591168038
64.91831699164537
65.21160602358434
65.50550300749728
65.8000079433842
66.0951208312451
66.39084167107998
66.68717046288884
66.98410720667168
67.2816519024285
67.57980455015928
67.87856514986406
68.17793370154281
68.47789420645938
68.77844666461378
69.079591076006
69.38132744063603
69.68365575850389
69.98657602960957
70.29008825395307
70.5941924315344
70.89888856235353
71.2041766464105
71.51005668370529
71.81652867423789
72.12359261800832
72.43124851501656
72.73949636526264
73.04833616874653
73.35776792546824
73.66779163542778
73.97840729862513
74.2896149150603
74.6014144847333
74.91380600764411
75.22678948379276
75.54036491317922
75.8545322958035
76.16927563292944
76.48459492455706
76.80049017068633
77.11696137131727
77.43400852644987
77.75163163608414
78.06983070022007
78.38860571885766
78.70795669199691
79.02788361963783
79.34838650178042
79.66946533842467
79.99112012957059
80.31335087521816
80.6361575753674
80.9595402300183
81.28349883917087
81.6080334028251
81.933143920981
82.25883039363856
82.58509282079778
82.91193120245867
83.23934553862122
83.56733582928544
83.89590207445131
84.22504427411886
84.55476242828807
84.88505653695894
85.21592660013148
85.54737261780568
85.87939458998154
86.21199251665907
86.5451503991021
86.87886823731064
87.2131460312847
87.54798378102424
87.8833814865293
88.21932314906371
88.55580876862747
88.89283834522058
89.23041187884304
89.56852936949485
89.90719081717602
90.24639622188651
90.58614558362636
90.9264229036594
91.26722818198564
91.60856141860508
91.9504226135177
92.29281176672352
92.63572887822252
92.97917394801472
93.3231469761001
93.66764796247868
94.01267690715045
94.35823381011541
94.70431867137357
95.05091549218876
95.39802427256099
95.74564501249024
96.09376171324038
96.4423743748114
96.79146699846713
97.14103958420759
97.49109213203276
97.84162464194266
98.19263711393727
98.54411354928044
98.89605394797218
99.24845831001248
99.60131063666519
99.9546109279303
100.30834318507166
100.66250740808927
101.01710359698312
101.37213175175323
101.72759187239959
102.08348395892219
102.43980801132103
102.79656402959613
103.15375201374746
103.51137196377506
103.8694238796789
104.227907761459
104.58682360911533
104.94617142264791
105.30593520332059
105.66611495113335
106.0267106660862
106.387706349443
106.74908600246756
107.1108496251599
107.47299721752002
107.83552877954791
108.19844431124358
108.56172781387086
108.92537928742976
109.28939873192029
109.65378614734243
110.0185415336962
110.38366489098158
110.74914022046242
111.11496752213873
111.48114679601049
111.84767804207772
112.2145612603404
112.58179645079855
112.94938361345216
113.31732274830122
113.68561385534575
114.05425693458574
114.42325198602119
114.7925990096521
115.16229800547846
115.5323489735003
115.90275191371761
116.27350682613037
116.6446137107386
117.01607256754228
117.38788339654143
117.76004619773603
118.1325609711261
118.50541171797546
118.87859843828413
119.25212113205211
119.62597979927939
120.00017443996597
120.37470505411186
120.74957164171705
121.12477420278155
121.50031273730535
121.87618724528845
122.25239772673086
122.62894418163258
123.00582660999359
123.3830450118139
123.76059938709354
124.13848973583247
124.5167160580307
124.89527835368823
125.27417662280507
125.65339486664506
126.03291708647204
126.412743282286
126.7928574553508
127.17325960566643
127.5539497332329
127.93492783805019
128.3161939201183
128.69774797943725
129.07959001600705
129.46172002982766
129.84413802089912
130.2268439892214
130.6098379347945
130.99311985761847
131.37668975769324
131.76054763501887
132.1446934895953
132.52912732142258
132.9138491305007
133.29885891682963
133.68415668040942
134.06974242124002
134.45561613932145
134.84177783465373
135.22822750723682
135.61496515707074
136.0019907841555
136.3893043884911
136.77690597007754
137.1647955289148
137.55297306500287
137.9414385783418
138.33019206893155
138.71923353677215
139.10856298186357
139.4981804042058
139.8880858037989
140.2782791806428
140.66876053473757
141.05952986608315
141.45058717467955
141.8419324605268
142.23356572362488
142.6254869639738
143.01769618157354
143.4101933764241
143.80297854852552
144.19605169787775
144.5894128244808
144.9830619283347
