-0.19938929128461774
0
0
0
0
0
0
0
0
0
0
0
0
0
0
0
0
0
0
0
0
0
0
0
0
0
0
0
0
0
0
0
0
0
0
0
0
0
0
0
0
0
0
0
0
0
0
0
0
0
0.16367255265365574
0.08169051693250226
-0.09747731976655963
-0.21502997148053135
0.1990773141269643
0.1681460848472725
0.19262520330052504
-0.19210698599791995
-0.12648462676213404
0.3579032128472668
0.2482557983408828
0.1113477746522491
-0.32466591110582943
0.22372479743830084
-0.02463806306515597
0.047257277410585455
-0.23437128923632386
-0.06295051974881273
-0.5376504159515026
-0.2973469656155748
0.5501611474325001
-0.1812783678921479
0.24914248127302213
0.6298127211233239
0.7092143208242003
-0.01748223101532573
-0.1313689389713113
0.2430560864683302
-0.17737517047750692
-0.2727181586701864
-0.1161999700826608
-0.10104838560369693
-0.2943931084448544
0.07219139752866192
-0.0039010614312861287
-0.07261478495606873
0.3227836135574061
0.10694738951818766
-0.5401547304860189
-0.507208862637108
-0.35593011166240673
-0.31996920868654394
-0.5041511700319861
-0.5014929715983248
0.3518750470796159
0.1259979675538034
-0.010667873870289708
-0.5440936213871418
0.017020052932793763
0.1676666961328773
-0.03661758199884664
0.12616951326456927
0.37756218506350536
-0.16288175742724886
-0.32723233073186225
-0.05094571874258428
-0.30554482746658645
-0.20841944914694466
0.26356917854694256
-0.27190557354029055
-0.2634294416096656
-0.2655831764352616
0.47177735162618145
0.1022778712962981
-0.09940318701278425
0.10674299865320136
0.4300655093342971
-0.06657681102557642
-0.11949746470626504
0.3217463285898425
-0.4434947933936914
-0.07022161899265562
0.017331215120336887
-0.10635156304262232
-0.5309861203466014
-0.20106689280044787
-0.06209792253163654
0.14465752953384667
0.21369557752351123
-0.10596667224054479
-0.2218251708521952
-0.1901635534294673
-0.16937357530794497
0.13248259431764126
0.3658280143423383
0.06566854756130117
0.12771225208556694
0.08785136868595664
0.1153779723056193
0.5090402819076294
-0.2665594731528928
-0.18073710391371012
-0.036909367102660934
-0.6108145944950231
0.4516288755731277
-0.25413712544566663
0.021332365341568835
-0.1789548113870529
0.13212196448789226
-0.18525741492113718
-0.6560913465632754
0.2129509866803507
-0.05499500066003133
0.3797256633647093
0.13400182141744382
-0.0456041771069691
0.007075706043035479
-0.13196277969747838
-0.03604862066365178
-0.27308930732656733
0.1169227436640314
-0.37613412456432777
0.004369567122628618
-0.10346482102605682
0.6427446760572691
0.14421519135233976
0.5525659897189714
0.25796716737809317
0.4465942676913498
-0.5854464879826271
0.18726696427165251
-1.007211114996423
0.18390558597704787
0.08809259649011168
0.2102395226574377
0.0998474043348744
0.12501921124684245
-0.41372876287002547
0.23258191326665745
0.11564060828881978
-0.020748408093879175
0.18748249866161903
0.045803620822889385
-0.461894341921125
0.08248374061003053
0.042544331055954385
0.33644841559764854
-0.07947336689918832
0.21420524567878343
0.09642573966700176
0.3737469690347821
0.3149512385257979
-0.5825899122348938
0.11969859299782631
0.09508400462119665
0.2957855836165083
-0.2395417526913107
-0.09238835734894701
0.22617742565044194
-0.23940185908937914
-0.17267837935046523
0.3016423319481885
-0.13020918364402984
0.08928415118749201
-0.013004170147320278
-0.004867515119606953
-0.04652780312592433
0.4176715079939714
0.10675399740444855
-0.16100824704563416
-0.5401610961120076
0.08388839957066313
0.37596712544121647
-0.7887083642480346
0.021443726203630494
-0.69869973502337
0.03877001539132694
0.00321590544266993
-0.005431632337668032
0.30726423369279604
-0.21003439840014465
-0.05098002265834899
-0.6177316037660641
-0.03495783742492151
-0.0023795232530134424
-0.11977193296724074
-0.4318177645154972
0.084128021941237
0.22389651997824445
0.01822847780138862
-0.08925015805609425
-0.0871913243899914
0.024278361799434038
0.21605407273076288
-0.08911137171910376
-0.06708826906292827
-0.3404754703171607
-0.03996312191881521
-0.3011413309585202
-0.37465383362248256
-0.17940924343076908
-0.3317797327341273
0.0007021910312721878
-0.3501300058572124
0.020350383919455404
-0.558967330911947
-0.08253861719611412
0.3726634093443748
-0.45191185711244153
0.29705406025786885
0.3412741292027324
0.14717700503810557
0.3738703685109255
0.341892473194256
-0.2539260101670232
-0.25524734524713044
0.6046100290968617
-0.0748787085353023
-0.28276155179830925
0.42687098645653837
-0.5076873094529674
0.1618228850628033
-0.029819429727735915
0.014322443642200373
-0.19049894121975072
-0.46441117748499783
-0.41107225210683596
-0.14536339719342176
0.07392077750686264
0.42259731986190063
-0.08100162202359097
0.06698289830212796
0.1813068820852426
-0.5384144597976139
0.3037751494241232
-0.18892330221675122
0.31300576286497744
-0.0685897610898564
0.05532008925504867
0.07763186386909303
0.20453360341734367
0.16327826398997
-0.2420527389026129
-0.0352180997751798
0.19220271585039028
0.08512062104047871
-0.33671990518473804
0.4532069577904183
0.1211353705919039
0.1565299340739462
0.08798769207072912
-0.29547790616226216
-0.6001013987154549
0.20171091020470067
0.6121886800533102
0.5349012932148782
0.43855004960261
-0.2019991961553397
0.2814068418827674
-0.2911514535978597
-0.15780153111847037
-0.17955973553873358
0.053805826663028335
-0.1685311585437005
-0.20999465735866205
-0.6467878625444974
0.706627159641784
-0.07405884128255294
-0.8853143125366819
-0.3293781517209645
-0.674425808980707
-0.2140832619485956
0.1793398251152533
0.022883972756922014
0.262783281305373
0.14613711044791683
0.02500231242536347
0.08159987385758127
0.0772618605802615
-0.3054447639083462
0.3500871817115372
-0.3126376626670048
-0.10224751366798673
-0.22101137156223738
0.4546209959765593
0.10241518785511954
0.1654214865123616
0.31687371563649247
0.06758181463155592
-0.14730658548872066
0.5131101636386435
-0.2760544502971055
0.3344890629748977
0.316879891389279
0.0037408864338149446
0.25074118656450056
0.06905106931027682
0.21797585571183967
0.22842672885189824
0.5266246230448949
0.16632453623280424
0.0077829436910063325
0.21058454962849946
-0.04008468090468552
0.5281548003853194
-0.17145711637826416
-0.23038836911919258
-0.11686356470612515
0.018260009250459692
-0.13022005899261807
-0.12133942683217319
-0.09508261496225533
-0.17563150433629002
0.3565221631912264
0.046186399144530814
-0.015486425537955458
-0.2628189591920949
-0.040233152406597236
-0.031248428939802685
-0.16918816781268675
0.2459382174241031
-0.5027349916432711
-0.07087041100980772
-0.09742287369003866
-0.38223283422137083
0.5817034081951425
-0.25188882790431155
0.3012410763810606
0.05149800814120825
-0.3202914301332795
0.19675325874204566
0.12180611387068063
-0.0550611996244972
0.18938226949133344
0.12446912435717176
0.5200088902616601
-0.35233424168915894
-0.022508021484037393
0.42178402798107917
0.6355582688544646
0.005110705944548652
0.30967645118429615
0.45174608462049703
0.2787684380687336
-0.5346724995388057
-0.4722755404577735
0.055221467726659
0.27731409730412737
-0.12415311570430287
0.28399635097158976
0.06641885041285531
0.18900398935125723
0.40029521983982547
-0.1911633933465762
0.29727390202040604
0.2536957786532822
-0.2515322415113406
0.3855730734657623
0.010093891589628163
-0.6036809747585448
-0.13013133931801063
-0.16465381408366384
0.0930041796667009
0.13306845790629182
-0.17260403142882963
-0.05996443236686077
-0.16096395960928558
-0.21035504794251886
-0.5340504428319506
-0.20314463046194076
-0.21871265797901307
0.012905740108057201
-0.1716901032952372
-0.23727160328808827
-0.09289411117938147
-0.33590201514131
-0.27056991368396704
0.02467547593236882
-0.07439496130181443
-0.6628420790055413
-0.14955579812278175
0.25276629552955826
-0.09081485355894714
-0.12067564844460033
0.03523149670920597
-0.11548291983073342
0.22087324201430902
0.024340217701953604
-0.029671810901844925
0.5710298531689091
0.22670063582931033
0.5791928841830339
-0.2569880742381736
0.17773997220428345
0.2707047544630849
-0.1271773760745222
-0.05912946476816869
0.08487782124763359
-0.044594872314473566
0.3632788526885254
0.15353497776441868
0.19496847477692458
0.49608004498922165
0.3631656381990588
0.7707724852806689
0.5280562596306345
0.5810496537154844
-0.07039696322154315
0.7256460740804083
0.45686366124316113
0.05469887694238079
0.08206131340584566
0.20487396601259183
-0.431821171420418
0.1857674067711828
0.3950629731781965
-0.06840126813502062
-0.14985142255396086
0.07041550778549269
0.060829305546531376
0.43171389007214367
-0.017724175871837222
-0.21789258685791044
-0.2824119015830763
-0.005965205685066782
0.13102070378137956
-0.08774714742110176
0.22944759716395752
-0.25847309097150273
0.5673295926413022
0.14933561165182455
-0.23631402045015318
0.046108863844777595
0.28909405314965253
-0.05336626406379397
-0.2583860643604692
0.23081139419636348
0.13043282392124383
-0.10485914273739652
0.3536675414010364
0.12968519752708588
0.32028403710989334
0.4563337276594155
0.30767325565781545
-0.17830917086599127
-0.15942944291454983
-0.021150981309539907
-0.1399486556247483
0.7093469283894608
-0.0480005957297272
-0.19513166482242375
0.507737578798261
0.2727977220815513
0.20692770342812514
0.7963067575953522
-0.20070024546027662
-0.03842303358157437
0.02618785147231431
0.13815071600165627
-0.4226442885449657
-0.13874990538856039
0.36575379995701973
0.5915247784060362
-0.08378906408979339
0.3135162534862921
-0.11937876868518696
0.1290984168830754
0.403081527035253
-0.19626648328574
0.2732782014771779
0.4317688114221002
0.17439681514433414
0.5334648373688223
0.1518618729875429
-0.30463976201890075
0.5438106946043871
0.07532351442573115
0.5386442569304695
0.31029622237780974
0.013867798064659487
0.11447245276837767
0.3396997243663169
-0.0035809256782413923
-0.10970533181920494
0.04684634370692092
0.052275936149975125
-0.05934799664136123
-0.20515317892530735
0.2922391628482245
-0.08592228491714224
0.18292499343030122
-0.004772789254639073
0.32029131063850214
0.6503893837394482
0.21469124703229353
0.20380467662347973
0.29509347972894723
0.1007925027605771
0.20766663412801084
-0.0021681875076952767
0.2767769444149445
-0.10759319635234174
0.10011641318309895
-0.1967410375750603
0.2641277399424589
0.08023266466822533
-0.167210950468526
0.04171797449833403
-0.059502574885967136
0.0795228500432084
-0.09122721269256148
-0.1479796833307728
-0.3739442994563771
0.3080348888649318
-0.17650744786367825
0.02624943470351014
-0.08668719553555994
0.7285345267810234
0.06508816350293992
0.06733840539749673
0.2567395561187764
0.007548010944069733
-0.309637340784048
0.1963484681809718
-0.29696550222125856
0.35438855439657013
0.4800066855211658
0.36789509152465305
0.0911663346852598
-0.0687674166141744
0.30126325163023726
0.3206780071236255
0.249355246050692
0.2776909287025164
-0.25878559426259173
-0.006740388418375626
-0.4325747779812863
0.2843278812758145
0.42173106093083146
-0.08172886613058034
0.25155560775692576
0.3508604905868153
0.12668565360041756
-0.12426392956020857
-0.2316117574991827
0.45443760711241765
0.2547632793045245
0.002834196987978904
-0.3708092971989667
0.3827201593463451
0.36659619131771554
-0.4481378119394003
0.16803952741117928
-0.1178317225903879
-0.20293757955781724
0.4792195240107904
0.06210249215204783
-0.3241763875706887
0.10823849329721288
-0.031364323481191086
-0.015316800256106766
1.0253105789047319
0.033365431927146375
-0.20221302167513203
-0.13245499241737943
0.30122165581584304
0.2824497087176352
0.17902550317115468
0.41117634766173716
0.6548011815973642
-0.1541259183289603
0.13310763272945972
0.08378650271892604
-0.22681563854273992
0.19505457843561536
0.4522447341696477
0.11150497093619144
-0.05328292163087914
0.1789670333869025
0.0876534179789589
-0.23988190587798056
0.10312495723310483
0.36865383262319573
0.37677992069175703
0.4345346656886969
0.39742778116703736
-0.20312636384702545
0.27260965913545343
-0.2883861469162913
0.14822774997829113
0.31877162761454214
0.09435498242284482
0.18380333994384093
0.6218891951042785
0.06867902740976034
0.1360901412014175
-0.11949107863759353
0.3273174065892761
-0.16790059066299415
0.09474373166648217
0.13675176524497668
0.15443398647147855
-0.22109335364747087
0.18473284322644498
0.3633494370368763
0.8051750438880404
0.46621637292478113
0.29251925119204114
0.18612579225896886
-0.27371366364140376
0.2107609676114514
0.503956385765177
-0.14159887696764456
0.15306637271194515
-0.07707695262272395
-0.10810824692358627
0.9062690551124345
-0.028644224998262705
-0.3402980237609282
0.06922369326912801
0.3505127403758312
-0.361145188570437
0.010637813342350776
0.19025269158541652
0.1693828621365915
0.3292507609318879
0.037135346726641684
0.5700541038209607
0.3308991105926436
0.19587265865067244
0.12505639281932954
-0.1719155393685089
-0.11238022682031197
-0.05976580649714601
-0.5441810036769033
0.2876779980283989
0.11706381108691553
0.6767080344616972
0.1826314100905675
-0.21128729566873422
-0.10524543863402529
0.24732254621490857
0.26266382032806457
-0.17544554648195598
-0.2802286508462692
-0.2310157540302873
0.809415549844107
0.16110724476077143
-0.29542125504982925
-0.07772296542646072
-0.12842617870578898
0.14763204987249634
-0.016171595772413352
-0.0956818068552465
0.24832105874941923
0.016893269986236727
0.22939126878057575
0.2123799852276606
0.102738355739207
0.760925138722467
-0.22944563338265384
0.6954332454288694
0.09475136437793928
-0.13853837577833594
0.3244986495689176
0.30668090245800667
0.22563482627830667
0.21543190769076875
-0.39001494365931266
-0.5116542042475971
0.3328430183709411
-0.3068159588582123
0.04939756623982822
-0.006432673518421389
0.29639989410014306
0.21137489321044955
0.3696791857612386
-0.20691084152618472
0.0012825194121221517
0.013312740257007308
0.02769565077685572
0.038485781683082976
-0.29008583827900103
0.3997472739606935
-0.530552789957977
0.24122438067273738
-0.13922814346692008
0.06614821417254114
0.014328434464235741
0.0018080382196634243
-0.18614766161725066
0.3336412920539452
0.4625379416322952
0.32174104231005207
0.28294052115702134
-0.2803333533475507
0.025530574581306288
0.520242983595206
-0.345650065750946
0.10952859242971447
-0.12311397670538164
-0.29226756453402364
0.5916909894793078
-0.07599260636737466
-0.010117940432880695
0.17200805990090318
0.01910489574276439
0.43908387674498944
0.19178622995518152
-0.1923151571032018
-0.25747356049360354
-0.07831584685283842
-0.413244895965322
0.5044225424702927
0.42829669004756965
-0.21232608507699435
0.013506187622412263
-0.4782539184733447
-0.37308119654898253
-0.004051577993949312
-0.6552342204706565
-0.9026882528055453
-1.0898448613804872
-1.4270518800901428
-2.38999689274163
-2.0585212810291753
-2.346877127500388
-3.0709059524131326
-3.6356611401346948
-3.9282654379277786
-4.33302399857831
-4.272402499403223
-4.69297995205041
-4.838253453011588
-4.904374377417712
-5.216608565460712
-5.409163466766347
-5.3232901256079606
-5.216649758550109
-5.861154308611574
-5.482002889312368
-6.022772111690816
-5.756614583886117
-5.872673322356729
-5.251137840104552
-5.970856982380199
-5.69845973532122
-5.516969657527767
-6.048206009472369
-6.1030038672832765
-5.5933507139790635
-6.008610500262352
-5.770298332161687
-5.05223471882915
-5.327086142486308
-5.408706552573485
-5.252677502206658
-5.47702046558373
-5.29007257860088
-5.781018366569274
-5.4099259341385855
-5.192029099689309
-5.70302875037415
-5.24671825473279
-6.1020569149595865
-5.539709974783019
-5.49037477046262
-5.725366239787713
-5.9465509477844245
-5.400121007720202
-5.861124069644264
-5.311830213435556
-5.2484497184523775
-5.855176463926142
-5.9942603122570866
-5.931853333229437
-5.9925454681686245
-6.18621582810316
-5.822163105080613
-5.8569596576333565
-5.8872069111451495
-5.654090806214243
-6.157826686079002
-5.937090076825037
-4.748689602222576
-5.586283890917961
-5.997182864572931
-5.196776506773073
-5.931666385649118
-5.6354949168483195
-5.631153740758509
-5.904376522508449
-5.919386326105671
-5.658520133888475
-5.849670463664688
-5.610207818156692
-6.162996863133959
-5.732834894045123
-5.8007744573682745
-6.637158901726118
-5.416066125333469
-6.331911165217056
-5.414925281966913
-5.8054271074613455
-5.932023509387436
-5.180448354226558
-5.090658225901996
-5.781722538440791
-5.623228846794357
-5.840652238844545
-5.948272117676688
-5.390658184502784
-5.578575102688795
-6.002872674254133
-5.836584528825198
-5.564724119659146
-5.900109215818967
-5.386553635265895
-6.0148254890470945
-6.01318451815734
-5.763013130996555
-5.806013726164871
-5.826132830115197
-5.014820786196478
-5.869121228126308
-5.528211819266264
-5.9012651652325125
-5.09654228975954
-5.597746031515517
-5.432497847778662
-5.617412589860917
-5.3218989151245975
-5.672463564232153
-6.052130251974106
-5.29673535953758
-5.809188954750854
-6.5340536879756135
-6.298706145688303
-5.261055744569723
-4.996052030429387
-5.206947336481324
-5.893666924914386
-5.236212812146646
-5.934050585403861
-5.454863186261491
-5.439577809492871
-6.067581149302242
-5.3542342574368265
-5.296159605691944
-5.6875588751706605
-5.624201937904566
-5.126578950660603
-5.768187482615534
-5.889759741999133
-5.922433838654235
-5.770216557234469
-6.110831280351643
-5.168126628022011
-5.649717656662044
-5.5218933733331586
-6.088216406425623
-5.662518586468143
-5.426751701231548
-5.580891275563955
-5.871935869593422
-6.248409096042972
-5.694928926467255
-6.103146403285811
-5.46132571043032
-5.477466408685648
-6.198359809406748
-5.585483149236495
-5.530087389369982
-5.399053323584241
-5.619167398561035
-5.742629631342531
-6.383518172791148
-6.0140694977855205
-4.870896552635113
-5.5020253697683295
-5.644818763542506
-5.916039799347145
-6.045935939573307
-5.173230370546977
-5.393092313586037
-5.438126867989065
-5.522768285801147
-6.2685074818766635
-4.872269431038477
-5.708924751669846
-5.948988762497071
-5.756164056521502
-5.127882549398636
-5.959027703604726
-5.244230635327161
-5.424276234896892
-5.397341305428936
-5.412773019463225
-5.888371763918287
-5.830546917932528
-5.380072269963001
-5.320761896021828
-5.829116176820936
-4.907481452595915
-5.237698569755433
-5.589793537167674
-5.699907187409534
-5.367137485068737
-5.610811270522375
-5.840374512922056
-5.830396009008159
-5.124534656439613
-5.109963904005201
-6.113093521710295
-5.317793124265829
-5.701982954754262
-5.681282551055178
-5.76548323180702
-5.400321294644926
-5.364786345471668
-5.099889188577059
-5.359204383427044
-5.572219322715748
-5.139329436649452
-5.200773705632575
-5.270260636573273
-5.975573636983289
-5.778278951403387
-6.116098956134929
-5.784624949076087
-5.622317214784498
-5.651299105016215
-5.227138189928985
-5.458002041908219
-5.012609157055101
-5.452675345046471
-5.706088716015049
-5.142210937774452
-5.2233265216405576
-5.668212639171952
-4.980089929826778
-5.2510673144935
-5.873272958004658
-5.909269952957034
-5.209867614731792
-5.320297114579161
-5.002132672184795
-5.638917640265296
-5.296741327430473
-5.98161353892057
-5.317122736107625
-5.501666683953114
-5.260941295078582
-5.630186829319288
-5.442333120904747
-5.3998241542194805
-5.668936261941404
-5.2772805948799935
-5.596392736827747
-5.759436482565698
-5.399194617322127
-5.737599924661016
-5.15528942301028
-6.277877697943183
-5.746345591242672
-5.366786864625382
-5.296875238489344
-5.7749943032949975
-5.964301990238152
-5.463228360788842
-5.014712580213888
-5.634525662034322
-5.378365652231096
-5.7562098036022356
-5.565742157449163
-4.972090742058977
-4.200492075116337
-4.015712443212946
-4.56674806074818
-4.001289739297284
-3.5594167767392326
-3.3457638631798603
-3.599881741745455
-3.575786110004308
-3.218893937193676
-2.5842097027647353
-3.148862640166899
-3.4581324879854414
-3.35440626690129
-2.761419609542597
-3.371418120380167
-2.865211064798885
-3.479626106667183
-3.184079474443422
-3.556267043272687
-3.32935213918456
-3.2458979274393656
-3.4504559025722665
-3.8169778100917866
-4.068330421421287
-4.190073189726707
-4.0626724522238815
-3.4411351043655047
-4.0601341552336665
-3.4029430667095286
-3.1030184418143207
-2.411840463728139
-1.8352272012127508
-1.8216007999511579
-0.4224314119352848
-0.22461718837774158
0.138938852771365
0.08946067762215562
0.7169088645336791
0.5022120542443631
0.915374987174344
0.5286840734725851
0.6494858290148373
0.5296660144828841
0.5621408061569296
0.8916208626561919
0.84215376140987
-0.289576586879164
0.13297819285341475
0.010641917550466007
-0.35412421173924513
-0.09433316936295619
-0.4601665173252475
-0.3060846809742745
-0.24559127499504713
-0.48823755738260055
0.27587241264051
-0.0014184900500260333
0.10804881033945407
-0.0635658297851529
-0.17205053535801484
0.15664852780167512
-0.20089433991753258
-0.3411557779589205
-0.5129597690613767
0.11191639752163837
-0.23537575028925886
-0.4403666935205025
-0.16371042550368614
-0.19661994732220306
-0.23085104559385167
-0.4885309533112381
0.6025023198168659
0.09346373527868705
0.010859954607494657
0.041386358910631
0.46975798159977533
0.24434796081891968
0.009205677627561845
-0.30094956518037347
0.06337105100671896
-0.3667464074098642
-0.22561918550416615
-0.6634292276726438
0.44838453666796174
-0.27693625379890036
0.12627755130495016
-0.34679309014598936
0.0463853921022295
-0.10134230167217445
-0.0673351564231419
0.2778810522409489
0.3225309172766451
0.307808720921453
-0.14836881739880134
-0.29354107137585506
0.020569203919748105
0.3141281582256968
-0.600922967327088
-0.7296725870664752
-0.10923607932234225
-0.26813824444459183
0.15418203981001688
-0.19035272155450367
-0.09713449407363299
-0.2014071054540983
-0.5977099552880635
-0.2841177739758623
0.11456371798411681
0.10189932548964568
-0.34977072410182775
0.4900690409388785
0.11946649785488588
0.0069414135583333175
0.11364153174069554
-0.2886056442429373
0.13544105832674924
-0.3549437475833458
-0.02148923731302156
0.08357390809157363
-0.011566016613528664
-0.19272940844240438
-0.03002811985531973
-0.12354252315373848
0.22829169672227545
-0.03844641433309019
-0.4979188658901934
-0.40868477491061533
0.3481520333682159
0.19216255054733994
-0.15776961389804844
0.11396426423470411
0.10521182934397368
-0.4400760906550087
-0.33088355014208287
0.025059414342008382
0.1643108459701259
0.297344988525814
0.2583195342260755
0.4044493240427081
-0.47710693836791024
-0.5654282870601999
-0.12242432326095735
-0.330503848505931
0.16273290268646012
0.039486400542793065
-0.5884268995912605
-0.24767931372940594
0.3820485060259988
0.06877678024828439
0.02671050899787883
-0.11145614846217702
-0.5545565755539749
-0.3033294221215491
-0.22411036538360046
-0.06077221394189501
-0.34620002543240624
-0.21071374987430608
-0.17019986438673163
-0.1231511448483063
-0.12285871302483592
-0.041436763903114626
0.13447777967135238
-0.2664260490105034
-0.11540084938198752
-0.0874348970378965
-0.06511663589540104
-0.11153333352746789
-0.054180904225524094
-0.13029134079009685
-0.17635022397635897
0.13686301207939222
0.24025117447066646
0.5089731797498411
-0.7194198457357811
-0.6870787184024202
0.5851860487603838
0.21036113241741644
-0.026607728951215735
-0.24093216385078486
0.07030712961671076
0.08544325284966253
0.12303971321154164
-0.8867173392110812
-0.2952660439665046
-0.29938497615167836
-0.11669072322706908
-0.44492294517691966
0.11947875286409046
-0.2912109285364667
-0.6293170400653341
-0.3790251299963175
-0.04325515958129707
0.16042240470774152
-0.1191929481230724
-0.3508822805882624
0.018359697601511737
-0.32521939864682115
0.018459940158004173
-0.1138730091088848
0.08804522684254326
0.7094312822870735
0.2740656134900068
-0.04643281049551051
0.09004591529199799
-0.1941580146143086
-0.08741364247911385
-0.22549711181846918
-0.16307261390653313
0.05331370053762524
-0.15064431520762367
-0.3334439969672886
-0.8378240715065687
0.06326430214060236
-0.8422917780084337
0.14094034841392747
-0.0775469934776383
0.12311365790126369
-0.3870588082069788
0.0676376677611102
-0.03729832567608372
0.19191646499828746
-0.4344687561826473
-0.5262637378075947
-0.11844812255858397
0.5244220547790928
-0.09627107895734134
-0.23078226285280828
0.039200808840777764
-0.07238725108345226
-0.2174431069045901
-0.17715289864621642
-0.07360630657375479
0.34636606548447735
0.4657850691812347
-0.3452738632059632
0.1852715960896917
0.0388803058722955
0.3909780375455422
-0.025399403028311143
0.04413233391295538
-0.3275495594348205
-0.20106236103492545
0.260091476335179
-0.06742310339263062
-0.3302178333914276
-0.0548040731390152
0.3786647500930802
0.3590552730303253
0.2740705052737907
-0.13453030010289407
0.007610977312329003
-0.1652234933382167
0.25412792704097803
0.49126909679092945
-0.46513774369580524
-0.04575419318377404
-0.03094269875270212
-0.29324760618631873
0.473148011336981
-0.11037115825323329
0.5272090153315019
-0.02667591093882462
0.08882002766579819
-0.10363710444760234
-0.7751002855313348
-0.20398995946535256
-0.25941299090406533
0.13428514942247943
-0.5427676688218411
-0.23879056612707317
0.37060965724384054
0.12681224195201277
0.27261085429871307
-0.22787839543990016
-0.32859759362736257
0.021421134261798574
-0.3498440318798273
-0.06779519670470222
-0.350719501243489
0.10644658779921395
0.12206692655480629
-0.18903457032754326
-0.49462023987999454
-0.2179792190350424
-0.33395973839428017
-0.08989606394569696
0.2941709260927055
-0.24380252770850772
-0.09445650040755049
-0.9546722560723452
0.17032516522882635
0.12951229677151374
0.47173836761839083
-0.039532827750025264
-0.6079295788203806
0.2604904560372418
-0.4598968655051082
0.10773379946634522
-0.1219201841407735
0.17738332371748822
-0.4092055419045043
-0.7016183484784995
-0.11279469587371593
0.18718378723180265
0.5159050760397463
-0.29073290909388655
-0.42502087707601677
-0.22520554336320764
-0.36611089906294747
-0.4050548691231452
-0.00034878802434093264
0.27628529522627004
0.07524335003997473
0.1370501120053088
-0.5111564383688676
-0.7361177054904579
0.3500450519361884
-0.08559214929281113
0.5523043421067519
0.0464431371565509
0.20173904822056477
-0.06640196864213016
0.04162132920285787
0.2709392471888045
0.07035600030931456
0.24167655018864154
-0.046045888525670445
0.2533495422012699
0.39891432902267593
0.11889619238260145
-0.07668213189636887
0.15960873755513755
0.294885213707937
-0.11445723685140048
-0.06762430960616181
-0.09896670993036477
0.045164897709421774
-0.45787891123138996
0.31662018361150324
-0.48440737201825623
-0.33703380958545265
0.2840465237876132
0.22700172419369666
-0.11137552073430934
-0.10322389443351336
-0.00235179538798722
-0.6542018824147622
-0.5127086877120043
-0.24039128763499745
-0.40381722529360764
0.45047175417967933
0.24182050499717428
-0.2027170683524614
0.06261136245386056
0.18371170484590385
0.6321386550384234
0.29458179703313087
-0.020481279778307708
0.41474247712360507
0.3744542909730071
0.19742272538229616
-0.03718245655972738
0.28875901645078716
-0.38406206563455014
0.27068157864817477
0.4585417996202005
0.40031808664172275
0.23358591713381693
-0.1488865591232176
-0.3229722858823817
0.1326090846968058
0.14077877637006905
-0.0520617694042973
-0.3275980549752382
0.7964265251189555
-0.35538195679007567
-0.26919620358910645
-0.20112217669857127
-0.09604330074869516
0.32857723606562766
0.24882278740991876
0.403579008275621
-0.22549546111462623
-0.022829625984605865
-0.11193606644355635
0.357359692522546
-0.10029275586056989
-0.5078109288581554
-0.19768178501432446
0.3441726521166109
0.0923400105742316
0.5728886052647744
0.12489887941789292
-0.6855088377796509
0.163959350571567
-0.4401685438652225
0.012904666823311787
0.2948962348126633
0.1452229265565009
-0.7348568612243874
-0.056333020059639055
0.26166980159502845
0.06729203324100443
-0.19683223067419212
0.26780613801719616
-0.5652020863732968
-0.2922904363950904
-0.5440197958833739
-0.20763063400821163
0.5076100059911907
0.4857251919987163
0.5124533228020723
-0.07506266631909775
0.3851614406991953
-0.23438750949856976
0.16866813031621525
-0.441183479096902
0.13442634408245424
0.021382052044631134
0.4361746583170713
-0.5530339991039739
-0.4070301604788296
-0.10174154323700647
0.0805754663613392
0.14138201977102013
-0.011300713410308307
-0.2862302047714751
-0.13701747162498276
0.19602550116784864
-0.24802947867260136
0.06576276937254681
-0.2501936508694614
0.2578635253602662
-0.1371751246930254
