0.0709878117225622
0
0
0
0
0
0
0
0
0
0
0
0
0
0
0
0
0
0
0
0
0
0
0
0
0
0
0
0
0
0
0
0
0
0
0
0
0
0
0
0
0
0
0
0
0
0
0
0
0
0.5628261354761318
0.23563539436058753
-0.3168781753173317
-0.022094389828384627
-0.03119671459421395
-0.011877078046233384
-0.2589426374945167
0.049981838162097635
-0.40117430723185254
-0.2586054848092164
-0.16294758572394666
0.14876387934612084
-0.02417957951672902
0.2600417063304284
0.23111733583114774
0.06995863077826045
-0.16051026668048746
-0.09545247330686239
-0.06990023829038572
-0.21338320724070134
-0.08689713484754204
-0.249466742757807
0.19690098645835594
-0.3977488387379438
-0.2865184664994323
-0.523121913592006
-0.005970671006650622
0.22216731655105967
-0.603146638381998
-0.09530896505296739
0.29137682312463214
-0.24285837600973328
-0.0851751657504419
0.23240531880498116
-0.6714871719468066
0.11383037319650446
0.09103775077601876
0.2653834174611756
0.15784193358612214
0.21150473950053963
-0.37163697421449887
-0.17632680059091674
0.3552522733017323
0.34267593220619436
0.5567128336503897
-0.18323797580319703
-0.5668042480745858
-0.28933065236434224
-0.4582686347192849
0.4113797437620023
0.026779653808557295
0.2611316693225744
-0.003949405459673202
0.19169312033624478
0.10895622472457607
0.14125449546243563
-0.17743601995614464
-0.19988502781588197
-0.3362499388240609
-0.02030485612254508
-0.6629661245553952
-0.20018869018643273
-0.19360160879728192
0.32467124413019494
-0.1739667177554147
-0.43073256595731335
0.16729597172043956
-0.3491732574264615
0.06606050815576271
0.07625026332372188
-0.43994633084818113
-0.08487194875214742
0.12135101975107745
0.16851791536025976
-0.24420496422296337
0.3754845844283535
0.1487950340036197
0.31567385517407215
0.21687023441219072
-0.15856522415742413
0.1999884002492341
-0.005370135595920864
0.011950082362802605
-0.04967765101913165
-0.3766595021786122
-0.15275509463804812
-0.6501143005975392
0.3504229173203749
0.4160414012166248
0.03893564240458344
-0.1472556157319618
-0.07070776668269677
0.1696450683306123
-0.10065918139307846
0.6437618079359201
0.22525906749041852
-0.5739097174025359
0.08139713971474603
0.21684704736654184
-0.02427068145837021
-0.2085215367939036
0.08630620593494805
0.45447580432213514
-0.04252987335449449
0.04863623863541825
-0.3402843356613734
-0.04254514155360492
-0.4981815758896967
0.6284447629721099
0.24807192463154343
0.36553615002933276
-0.3003653833712805
-0.18189587338329924
0.032105688798790166
0.4099782766525354
-0.01959433212271891
-0.4806763041148313
0.4085011840734959
0.5083626268883519
-0.29307062407530143
0.40760055336112716
-0.17415984532272122
0.16886953755245507
-0.03023566270377618
-0.011605789176788998
0.37853597047697213
-0.32801738370869443
0.005283145664795228
0.26333951522553645
0.17319734473653306
-0.09916805606686932
-0.2738161728191927
-0.0772533153190557
-0.14544603288662886
0.04224382891854226
0.01023822523763836
0.11560277736189976
0.08913819991633944
0.2892602391260254
0.41094679436154974
-0.04242875743097048
-0.21895190675560045
0.07855956980094228
-0.12387078652128795
-0.24536136789152774
-0.08723325087440738
-0.34110764259089554
-0.05949569031067458
-0.09228671589793629
0.04145876494595437
0.13274564097242564
0.27629184099346077
0.029119891020280633
-0.06727233549500397
-0.031992139454720084
-0.1955677726430816
-0.4390723184563809
-0.47349722599677574
0.2851220638766308
0.03367894656710705
-0.1454272636436754
-0.18176764694638547
0.2524642251334323
-0.29579826266508147
-0.0644561835303143
0.5853589077099379
-0.297748514715891
-0.1440765635531414
0.6822898503810958
-0.05258821760260508
-0.37635238431171786
-0.2221299550777756
0.8108318882254089
0.35863771844667663
-0.0959493614433151
-0.34633255678041713
0.15468779072127334
0.2607043088986195
0.049713557378432464
0.08612365001966306
-0.5915985881987654
-0.09525677593958602
0.5033497017498755
-0.20352035188910098
0.46911334162228063
-0.41072299624629105
-0.5179183490426804
-0.2599615641163573
0.022593150463751266
-0.07398706924836647
-0.04022864781486566
-0.5748196267237841
-0.1753647581052901
0.018651762091813594
0.14851624298100286
-0.4703930891194027
0.16245826683853923
-0.21252633375755017
-0.15748352747263875
0.0012199874369464754
0.2666279325090836
-0.5031992030624446
0.06807713645224793
-0.23012478500242933
0.13765950929721
-0.32438643248708016
-0.03462989134035004
0.2983698068610636
0.3363387092075622
-0.026355961740550344
0.23415490959065272
-0.37735942185085664
-0.6603047813955928
0.24909223563895733
0.10752157859734605
-1.0284236119884735
0.36587925798174575
-0.47971067652322286
-0.4484694169412216
0.4037995431769311
0.2698231562243419
0.41089303470230737
-0.29787898920995526
0.19614944855355976
0.38965457842017165
-0.009533237515877695
-0.08332851617265863
-0.22220180299272702
-0.38969672315779075
-0.4843148228139144
-0.1958473538387698
-0.2598897173019317
-0.1096915211034523
0.5001266379564335
0.07220369821548593
0.5132728611745426
-0.047278728912496154
0.11638660320566689
0.16821699020026265
-0.09879641155290592
-0.33667013481889657
-0.2950090696704482
-0.4645353471240352
0.3724359375168865
0.17635428440865747
0.0580367685780838
-0.021754158697379136
0.665299027634131
0.7328285569506862
-0.5142675226464489
-0.2801230600334062
-0.023991644675985357
-0.11214281744859757
-0.380909681633563
-0.04709960804942281
0.4987196981932479
0.013265518697765611
0.12794501510428208
0.3805876034153679
0.393085326608188
0.6627871550211779
0.26854321071701326
-0.5969371586998546
-0.13118788632674414
0.19100780818167634
0.013299312787167528
-0.015958879087932958
0.7311725091926312
0.6041868546392455
-0.03316185068335599
0.3297977053710735
-0.6138071440370236
0.1393445994566484
-0.02929263431587094
0.29588377063404636
-0.31847725006458255
0.25945982275757506
0.10521046752326008
-0.03762507447946887
0.4386198247464775
0.6138952873363431
-0.47131353590495806
-0.15208630607955073
-0.18846357090054214
0.33905198380241675
0.09618815550601512
-0.22237988144499202
0.03848551986118761
-0.12309190639970605
-0.020997467767782194
0.37520305804445025
0.30073779442873755
-0.41448562384485965
-0.2973638195659433
-0.05359900325749899
-0.2407725289833038
0.08963242054969199
-0.21588333794417539
0.22224192904644383
-0.2981629024672416
0.5126057785852706
0.1606909417171165
0.19145846739695205
-0.19106483216928297
-0.23937837969926634
-0.020936887365328956
0.46599625405532974
-0.9435309561412021
-0.18702903865416468
-0.3328539511059901
-0.4294311610335333
0.24841493885078247
-0.44655714604351043
-0.42417973804092735
0.19908991564211717
-0.11819248118597454
0.6855928658276977
-0.3165212369345274
0.23046604181471464
0.018039892757666057
-0.32908270910256404
-0.6312030361388098
0.15445597412862766
0.026861788992001773
-0.36846516825677833
0.6444514503201403
-0.006109425839528887
-0.38849207947046704
0.3626884552874285
-0.017727893532304157
-0.49530042193385837
0.08715359594157523
-0.3400541544930597
0.027435514606125543
-0.07470446513951631
-0.33310293397981966
0.5695158217312906
0.24029581221608926
-0.050332096178227835
-0.15110134169861475
0.3631438900297946
-0.14987798271513275
0.749546882289288
0.10613391776370798
0.3831543295712514
0.3991697559390373
-0.5620455235151015
-0.2693007303946184
-0.5026846261242999
0.26916642405995256
