-0.19697821774312504
0
0
0
0
0
0
0
0
0
0
0
0
0
0
0
0
0
0
0
0
0
0
0
0
0
0
0
0
0
0
0
0
0
0
0
0
0
0
0
0
0
0
0
0
0
0
0
0
0
0.29518845940578986
0.004994471097363343
0.23341944111157448
-0.1885179675824324
-0.022506520594307668
0.14936623931775803
-0.036970568827413175
0.10095324673405481
0.004962421970735456
0.2041204818912793
0.2272336440044207
0.023040592697760896
-0.02389293221326229
-0.05746417963981886
-0.14002478093091375
-0.2692778247795009
0.2712794045195574
0.14445628961252396
0.41417784711509803
-0.34336621578593735
0.09321591689649766
-0.01746590618221973
-0.008052186890975957
-0.09713311830409793
-0.13868278943776352
0.10703843047175617
0.03514627472819955
-0.11554295699686452
0.2978340574357515
0.359669546234116
0.0048645526929571034
0.07014327455702567
-0.07491486332550538
-0.017880667051414268
0.22708126683364704
-0.018387178027026448
0.13428154665125466
-0.21810012050609942
0.04148298133378148
-0.0802459423136423
-0.12740416720861988
0.061956687715104874
0.11816554394713728
0.23668806316919283
0.19464933540154783
-0.021349049751451313
-0.06462325156873834
0.10554766440846418
-0.0451728339595598
-0.022277731237456525
-0.23459487598873074
0.07688516022103066
0.17038757080751102
0.06453132633392678
0.004890539828371958
-0.5201101946055335
0.09156997516528481
0.09653870467175663
0.017475830769344475
0.10224589519162537
0.16305578505438942
0.07787359841008051
0.18329191622199095
0.08523794901304486
-0.2575080963807263
-0.1440748714669021
0.02518406805633616
-0.08474854959193612
-0.25183596070414166
-0.1261957719926178
-0.26050409240560307
0.008517849704380158
0.3084677291653746
0.08035111360167903
-0.1015437372396137
-0.2343656040861467
0.1886404177394288
-0.06999309080322173
0.01425582241992892
0.08524295837778696
-0.10299182176163611
0.051200149224764485
0.03606764400501657
-0.14851842843562799
0.18666762107676535
-0.05826647012205083
0.07247342860115641
-0.022890144289921577
0.16896039650205905
0.006282464622788414
0.017482363056927363
0.003281644964880535
-0.02240814676728171
0.11003163716477504
0.08173172899225761
0.09762922498338587
0.0903087026135271
-0.4690091861990494
-0.016382207061557734
-0.5520794185022175
0.16111196268857972
-0.10744188067091193
-0.3976225311709727
0.34538617858989956
-0.3205656525816287
0.12394386929365442
-0.07675389919128774
0.262846879354684
0.3880954802948796
0.07787626874943192
-0.14302054628326857
-0.09690575352150277
-0.19186430861824003
-0.04998160472326968
-0.12238988062137982
0.24089115695334457
0.23671049219416573
-0.26143883202440604
-0.29327524398992527
-0.11671254101969704
0.23144501862205968
-0.19972321352953146
-0.03596346441106892
-0.008011772300959981
0.15305511446196216
0.38123080798037057
-0.13217062185125028
-0.13069492812010894
-0.09915681556532835
0.014581847014000266
0.052614710166224044
0.026963322870486386
-0.004498525857384096
-0.3146710411642726
-0.1523035657116406
0.2540363962311238
0.1578587761843265
0.019232208306081067
0.14062681032756238
-0.2777809376328205
0.07359047053482427
-0.21602039910020046
-0.4229034148363739
0.22278529216935997
0.07283211701936715
0.18558386438526783
-0.4648526482391388
0.015438619913677513
0.03031161286766747
0.15706759476393922
0.3405901223034072
0.009228916655983663
0.006366616800814438
-0.09892961709346983
-0.09458319535707388
-0.2089215758018662
-0.29252419495219517
-0.2459767383775925
0.45225951266746717
-0.20062460120154066
-0.3504497955120869
0.3410610859595857
-0.2615118288018133
0.3398527624044941
-0.05379911083457272
0.17728271437074053
-0.09424215739245001
-0.0960547996642028
0.3729424438356879
0.13591893873031125
-0.07570867889738275
0.028402224395120818
-0.13152170796693116
-0.09364151783759576
0.16293682305930393
0.09656652950639315
-0.0026034258594931194
0.05708310343398302
-0.1775123241381723
0.1770232211411901
-0.18360732995048992
0.13872793602677094
-0.09623510098484764
-0.06244305645377403
0.16003647387153222
0.032206713365710384
0.13261398682017092
-0.20196067107998592
-0.11915256712221489
0.23351563603411943
0.0357819482333889
-0.18960060168666218
0.1372733241446474
-0.11414178087407267
-0.011087583899053455
-0.1575851607939898
0.21444085436964044
-0.1933643993532918
0.3300379095965415
-0.11341931933724825
-0.09322318064651795
-0.019092716429516595
0.041100218515696306
0.005836219854272348
-0.6796911235520795
0.11052391211327146
-0.14291561739464684
0.09472215967462563
-0.061549661343983
-0.48590180042841935
-0.33380661416548857
-0.07825706316930775
-0.185801657398093
-0.0797733877235243
-0.23648990000458367
0.2594734090998597
0.07391462523644618
-0.1315479398999215
0.03556298164571394
-0.18590963863722632
-0.2563632502648456
0.10926960962841342
0.2640656931804077
-0.3342731890949886
0.23132565886694034
-0.25120445520397805
-0.1420583853841669
0.26828132418042094
0.19364068786897923
-0.02482781775667666
-0.12628403690833898
0.05251988060787808
0.12358751974440396
-0.27263358734807847
-0.1885744501838467
0.12550091602942984
-0.08912179086978504
-0.22502243713358863
-0.06708158650836912
0.18203891970468505
-0.09253901376899637
0.12127215607542513
-0.16053272611229769
-0.14270275132996565
-0.03633123906723862
0.09572243905143017
0.05195236184981316
0.3090461880364604
0.10572813999111293
-0.09562899830999355
-0.1587784950926151
0.13103889665099175
-0.0064509220686408495
-0.18234068120967498
-0.17113145188355955
0.29158718902337893
-0.17455280303721338
-0.022335836640893
-0.1642781679840427
-0.223728019394296
0.10258282132811546
-0.05744158912251503
-0.09285553738084698
-0.11184529825658317
-0.0742675338102599
-0.10465384807359623
-0.04962563020036723
-0.06602064423240639
0.11874009399227009
0.0691527359411752
-0.0680252620568275
0.13907117535816635
-0.11671218831813877
0.05997241048939964
-0.018991174556618105
-0.1679242807448034
0.5470822548108581
-0.2048364793351638
-0.18686854405948272
-0.04530936647239195
0.19675133995951188
0.08721476952797069
0.04071969749290763
0.24525541474683288
0.2846168825632242
-0.1384460725026258
0.039579239837225486
-0.10019124214168887
0.006611424833076082
0.126139698388201
-0.22184704913979122
0.15428438176447523
0.12941699767151635
0.13835524883172148
-0.08067225512972559
0.14338612163282602
0.14988821701416324
-0.23256064372600319
-0.20591240176543027
-0.04614379868584307
0.05041384690769401
-0.029651164412203238
-0.06426404660256978
0.16069314247269662
-0.21813924948525543
0.13516086188954105
0.2631365328963626
0.07833056795169155
-0.29113682868737184
-0.10904829742204053
0.0721183602344204
-0.2439307778825459
-0.136000923391914
0.29663905012879394
-0.41769321853493424
-0.08040930326949701
0.12177605953675122
-0.2679740247159744
-0.12280223464565249
0.43385200887676495
-0.12663913217394804
-0.2617214053891884
0.08762939096052862
0.2117963076346676
0.5944483361507297
0.23713369604558354
0.3307955929329792
0.0028818751127596166
0.06550160690504185
0.32606342043700265
-0.13886073591737996
0.09571308119627045
0.09052805478412274
0.04428658403172506
0.12164286834915126
-0.04100364519472734
-0.2546598017696916
-0.15201312621343765
0.15970068167561305
-0.03498891042207326
-0.4070936889638665
-0.10021985444387355
0.3639702946682447
-0.06951343353829438
0.15190646691205156
0.09260130224440204
-0.02782304373117101
-0.4088604501605865
0.32515853147208706
0.006418991116437201
-0.10045145222497649
0.08106596792782395
-0.29175212700690345
-0.05412440973662567
-0.16716667878074604
0.07493015495952114
0.04139110316929316
-0.271770295388656
0.053531285311748
-0.2116709745707102
-0.3675228426091577
-0.05049380104285334
-0.1508299768734045
-0.1149518007976897
-0.28173932002790386
-0.10395502643896617
0.005990340388921266
-0.21944112588711776
-0.0893078001220012
-0.022349765689976025
-0.0580194624904571
-0.1937436279914709
0.1965387059486355
0.009685505932611067
-0.1341367020286169
-0.017462133917908764
0.04527922539484586
-0.3714889038977641
-0.32049625221773426
-0.3206316939571867
0.03528397023443993
-0.031031205381412564
-0.38968559064992997
-0.0222233967948082
0.24553386204710947
-0.0018175107229211661
-0.2581978164004967
-0.4553163698297783
-0.16864813348194752
0.05158092370541503
-0.21614331356774683
-0.030396545676976416
-0.5624492987932385
-0.16679354520788606
0.19245846689233603
0.2167491922063753
-0.07143529160834167
-0.06492564501648737
0.0010369079421433728
0.09343032036607574
0.018525419326990967
-0.18321440607446093
0.05276193616789243
0.01953087686521872
-0.03015061047146399
0.18157912019023828
-0.45162569835095784
-0.1797417273698107
-0.11452333379309294
0.17275156550754917
0.37854563424091525
-0.051710544595374434
-0.3075799631137105
-0.28791866028564383
0.30641583774119546
-0.2827210346454507
-0.14964382042528324
-0.0629669389744329
-0.08397198994543523
-0.2352941582225704
-0.12339034694346077
0.05769779586134099
-0.07512131125705487
-0.3131470977999957
0.07178633583029669
0.22717474176074337
0.10657196349140706
0.017214386712181545
-0.02945991588223207
-0.057338456555829365
-0.05862869560581644
-0.1838423653500396
0.32850608715804125
-0.056343213075478626
-0.282754468906319
0.22713920680552296
0.06097408752760058
-0.029140023556674638
-0.028773663168942604
-0.04698620635229684
0.04211308390692825
0.058088069220440935
0.12148373374007032
-0.052495576745753406
0.34106477549802666
-0.1660091257144038
-0.07656453250125561
0.1000337132882577
0.16923251433153888
0.13781703562649636
0.2259578323698228
0.19315557508010986
-0.07320592700042457
-0.40657865793805936
0.03422919958456829
0.20598728287886914
-0.331728512939619
0.11613122298933408
-0.1285393742851352
0.2690066833387563
-0.09299277538167343
-0.39890536237449203
-0.04497836868722591
0.32661060000793
-0.1543304440942679
-0.2755461982918492
-0.024693043620392333
0.13695160461377703
0.3570970829504174
0.359589209892905
0.05344631460515699
-0.18653722552242882
0.04423940305274532
-0.003208205177565657
-0.13900676506064577
0.08879162148523266
-0.2138964042066217
-0.46926541412480205
0.29217192687338067
-0.07876771577153187
0.13466080082069395
0.01702602639495353
-0.131947592245775
0.31290366939208136
-0.3918361113046429
-0.040792954314666056
-0.07397598617572879
0.08724870373997512
0.17960230042196035
0.160533420331655
-0.021266828947082664
-0.045072296715232385
-0.1264303709377299
-0.03929625488661498
-0.13801040490687994
0.3602362168762668
-0.19196080497090595
-0.007488620273490955
0.5494034639230386
-0.41332287064295614
0.2084107033837903
0.14210791320645513
-0.30252142427171447
0.4159490375687039
-0.010302264898014907
-0.0020543702554518006
0.053341653036472564
-0.11409573580138817
-0.13805800300324786
-0.25200627087141986
0.09940535262817173
-0.0031886855546378063
0.23201684813740325
0.22709088104793143
0.029524390791361113
0.4423006022357326
0.2237934030233841
-0.22638280144316192
0.2024726319060796
-0.2978443005919988
0.3540631136680306
0.228615569666498
0.2076928987121682
-0.1175451963221108
-0.1171218766123517
0.019422665879141307
0.04739473805456032
0.04237474498644597
-0.414767224237538
-0.13172049516944973
0.08736092965595911
-0.07657570526904836
0.19371668073572568
0.04258291636875968
0.2521450297898536
-0.12505958222005573
-0.20850137787775364
0.06812370415058144
-0.2864248338875905
0.012138583631389102
-0.05901444376405684
-0.05134948998471104
-0.26806238071722216
-0.17622249443953827
-0.034452758156140066
-0.17747530750301163
0.2698956540540706
-0.20714523612835772
-0.11515096304400095
-0.0141249568525411
-0.006741396009635772
-0.014998016212305077
0.27290059174731857
0.4855489282600826
-0.13196458336599723
0.302411505410385
-0.18275239800385995
0.04333609186419321
0.021007823261026192
0.3025213324202615
-0.031079775128487766
0.030636424739558712
-0.37067124282433084
0.23234648402756336
0.2320883891425762
0.37144063572762637
-0.25951345428894673
0.1648037683851693
0.07286070609199186
0.07224849281363314
-0.014125391122045854
0.19732923158756643
-0.2470555880021757
0.16143000564638688
0.04040660688658868
0.136967142600269
-0.34796260693708553
-3.70191790419613e-05
-0.1781162506757686
-0.08950830092957875
0.09401384220621012
-0.16394614942879096
-0.008695462517577997
-0.14576008674981866
0.157199639372979
0.17354328238504835
-0.04697290415775226
0.02575413512609156
0.1808762482920171
-0.18860431570306477
-0.03022377234408187
-0.2561864304189268
0.2762730601833421
-0.4254471313305317
0.28875637006839094
0.032661185866553664
-0.12366988835506663
0.22169911453418908
-0.15823643268811705
0.07485786095646495
0.14392402538396984
-0.13398361499125877
0.10968587337292467
-0.10641528581910605
-0.17848946660597279
-0.0560639792534849
0.012042712983232649
-0.47474667562098705
-0.10566290601354705
0.10405108785592046
0.04968844491400827
0.08884674514117073
0.051027627749510286
-0.3208319227253067
-0.376609339008305
-0.16643801709535844
-0.011485780578575383
0.3207823950045238
0.0123875864891215
0.186953669268402
-0.11482801545203053
0.29962233095602947
0.08197112100363038
0.31147894419251193
-0.22195403527687946
-0.16472372591395387
0.09245578198814985
-0.04353446003522417
0.13291554063647965
0.07091200216850309
0.2622277553431737
-0.2034960330903454
-0.05777928922482302
0.03495483753727326
-0.39173572581658567
0.18550372331658477
0.18613510748589965
-0.2578125230212889
0.04703779613545256
0.4675624301434472
0.49434578079564445
0.1059022469754562
0.09134915625442479
0.22496991740427671
0.02447607574894156
0.4090109206595738
0.01734207333065585
-0.14556177901714892
-0.04385598110969935
0.01747541278702304
-0.3172836470754623
-0.05816069664263529
0.18770854481053265
-0.07488813979845481
0.06510330691853503
0.05707620304069952
0.05771937398455984
0.10078377591540277
0.29278053868566384
0.09769474065668554
0.015951619069476074
-0.0696745198551782
0.17541365657631042
0.08997900005885794
-0.21378829063530339
0.13342771932637865
0.018598303641256548
0.10909398197735097
-0.025546810665410466
0.0575565560397876
-0.06509859131438085
0.13971949176977008
0.3119342837665482
0.03987936841088983
0.19576936532759703
-0.059484443376784026
0.18027461806149048
0.1846297025927047
0.23112772643220514
-0.06687933794723672
0.3188670469791927
0.07089399735682546
-0.2417658791576472
-0.14593608457288124
0.016623908480385995
-0.26166879026481604
0.45226018221054254
-0.29782636955075054
-0.48161060703767833
0.24333823111348046
0.18001560988628112
0.30475632849725964
0.050423826630582105
-0.29278272377629144
0.07437900062283027
-0.032614567117135174
0.023111515789239305
0.06052084783301445
0.11254580708361328
0.2124724641486782
-0.3047123915665638
0.04217825215274824
0.41577029357173434
-0.08578906639104553
-0.07217707242919075
-0.06218791248106993
-0.01190343225701241
-0.2503336278480763
0.19709574094062057
0.11777054408926851
0.2126861850751884
-0.046701232016074096
0.1706379785032316
0.04920530711512164
0.1277727279091865
-0.05102452716986186
-0.37388118407459126
-0.3271893014268017
0.11208358168852844
0.3681565964137684
0.19085494189701344
0.04820404347428885
-0.21352037504714488
-0.5700867359744366
0.10682405997240406
-0.4502690251572588
0.25249861151378106
-0.08551929736413105
-0.3177525284674495
0.06284501645566856
-0.019848681219586467
-0.5539706815344964
-0.262741994339796
-0.0021259634152849777
0.02724202506893845
0.16200568533389084
-0.03564269666596055
0.0033993550609308118
-0.0989232196384607
-0.12215218846150233
0.15927056413553037
-0.35437892043781827
0.0021915919383731666
-0.2565281445367753
0.28154071112473117
-0.03282444849874643
-0.19972026989661804
0.09289717419117781
-0.1423641856195322
-0.021256257654909242
-0.05472182213074202
0.09386865267374728
-0.23859911751595275
0.3815128659983471
-0.018599010090294642
-0.08447786133489024
-0.29550451203225103
-0.2574631963970242
0.059663005441995126
0.3632621393074318
0.1385940312725114
0.10404699218338931
-0.20977356811458328
-0.2672690048590529
-0.006695677904544364
0.11378063199604549
0.3676463175352271
0.045374943256049446
0.0043068154137642775
0.021753651796946258
0.15288920389758753
0.10447651725433915
0.0021760181480636083
-0.23774969030693263
0.07873106068378462
0.3025119857693916
0.199473841874038
0.32634370075669766
0.0883238967851909
0.10128503687041189
-0.16044666744868505
-0.19650207441291098
0.08705840368036805
-0.05988568849364443
0.26055783275917793
-0.41962383843968865
-0.10621851875246238
0.07719774449784998
0.23466168283453698
-0.07500185850323599
0.24989072430732961
-0.041548437325658605
-0.17837117289544216
-0.010865893665302067
0.2870794655116423
-0.0009036257155070672
0.127410447407971
0.17209637375594078
-0.027066626254095134
-0.20989838035664388
0.19529085172316324
-0.2532204087920595
-0.057182296390258486
-0.03790523725336212
0.010909420557871134
0.2462920734178189
0.12551736815274478
-0.16643324708054175
-0.04657681235517714
-0.07878217620949018
0.010746953529188454
-0.265239654070739
-0.02489437953596222
0.06989303320978839
-0.021998044281325145
-0.24526069426949443
-0.01079573674397426
-0.08042918073082979
0.1363380106691803
0.24777540959864883
0.08910472601258426
-0.19038811451140977
0.21168800023809065
0.3394949350361365
-0.19574156956485048
-0.09755320637524906
0.1802990779951074
0.2411575255026643
-0.08152210109045788
0.40585589374283604
0.24280705212655698
-0.29008057934834713
0.15192752729758416
0.05039982370995675
0.04794447512311888
0.010157994370493318
-0.002246841203254338
0.1160917743341829
-0.046002886041483226
0.25730526391755215
-0.11705008204074879
-0.1355908073769432
-0.07482715266346368
0.010963992230971066
-0.224883829184934
-0.16218068762085822
0.09188896311293554
-0.24199396882472646
0.05683302571921674
-0.14314102205628212
0.057957125328447046
0.019539213129082144
0.02751070150571225
-0.37432793376130846
-0.07930677806268101
0.3149610449363597
-0.06480960651927256
0.062124365395370085
0.045127845061893
0.04448089044179386
-0.1316367428661644
0.013438233500634642
0.037298451918701944
0.08785008601246827
0.16234622527547835
-0.28033009364365324
-0.13217274985881264
0.15161145245442087
-0.12221354024578346
-0.23656053750399836
-0.3746673713749996
-0.2554546083235218
-0.2812214358540973
-0.5134353039324288
0.1495804830527697
-0.08619929179155783
0.25257702267261556
0.11741083640753947
0.3160816249859801
0.02784092128173553
-0.018438068580575593
0.15521759688137524
0.3596061088675419
-0.38880428536303974
-0.32840458521359017
-0.2702564243965681
0.08540391748248194
-0.2110086531854805
-0.03713761812608366
0.1280234970153098
-0.029333201472431326
-0.17156097226429176
-0.21059666376447167
0.12421500203670544
0.3395039913092605
-0.26311597834336586
-0.10757685515358627
-0.010998179573271004
0.11206748327429539
-0.4809757931994635
0.23345143337294794
-0.3555139603572397
-0.03721150366615191
-0.05134005148632625
-0.02873073494670253
-0.15346745067232082
0.28434609341925826
0.393028589175015
0.40515031965631315
0.331641923159166
-0.11070618217263811
-0.42012526306636344
0.1454240653372666
0.3543492245575379
-0.30723865271729167
0.06715859743525839
0.14954628832130387
-0.1625225223872271
0.3922794524744948
-0.02577749509937089
-0.007288548357120781
-0.07094618331305841
0.26979775239104326
0.22875982185002572
0.21925015696986724
0.06480679092934151
0.0024856357211539316
0.2728340029905542
-0.10900413821684161
-0.013352850831806321
-0.36151678434249734
-0.2606368006792247
0.24611320977198858
0.30812245706683494
-0.2538181445067339
0.36995734230049593
-0.19957075243635714
0.22648256672751255
-0.19657419095060683
-0.350879017675712
0.14175118609388
0.033302537372992796
-0.04427361305666499
0.09917634143048733
-0.04877397349851155
-0.03173331036227629
-0.10918921604212134
-0.06775385638565672
-0.40375127583591797
-0.1596643131929565
-0.2861847851549117
-0.15372692436550095
0.12725380646584428
0.02045509759034241
0.12796323380129077
0.006299030117847548
-0.11202043017768921
0.09557861940780843
0.10025098457637911
0.28218691612601715
-0.024204564491577388
0.22128201255914093
0.45165964745985454
-0.015588062336344716
-0.017985716582295388
-0.1484062904409112
-0.15045060300690108
0.12494707088382023
-0.34097591517026715
0.04636617125705035
0.019228159053744493
-0.5791407569993793
-0.5518379175387574
0.08630238348465263
0.2709566631944138
0.1501364944116611
0.022046664547991278
0.001189646526545597
0.29826250790966025
0.2806509174459785
0.3957099318479778
-0.12829077512101414
-0.0769814268155521
-0.06900026521820184
-0.15714078274190707
-0.04781278892312585
-0.10969763010669652
-0.09368720987738946
0.20194721488666284
0.15860167721967788
-0.023648992354477323
0.07678970000532923
-0.09105979872138192
0.1367402152562835
-0.29539615101367533
-0.0048690392422174305
-0.015452193308779416
-0.09619957248842922
0.3195383578077493
-0.37957513940816767
-0.46440410777505703
0.3398698459571431
0.0713495533997682
-0.03962561146143386
0.08759153121094337
-0.1802731644937795
0.2027780584619488
-0.11731032252126827
0.3356322217631725
0.25439702528191177
0.07031124859330345
0.12148769320349594
0.39502405878304575
-0.008536205358140111
-0.17261770367171642
-0.11832394358830689
-0.08710601608322487
0.08077713361115911
0.19769241288225262
0.18858886999001814
-0.048404760274436145
0.22320750977306095
-0.15429767822712334
-0.5859270506223739
-0.11063027592575095
-0.05772236807934026
0.08971553775936189
0.007958299664681158
-0.18170714860069337
-0.32336142639874454
-0.048394957366494136
-0.40645450129745264
0.006441840747693288
0.36442640924405406
0.21782203660167943
-0.0913777272901755
-0.052043941415405304
0.536850733567643
-0.15319696683186892
0.3017252497264824
0.36131557534104997
-0.06647062991944203
0.1154818448866358
0.12934583771287766
0.14611704014752838
-0.3161975823626333
0.1947470209170618
-0.012514117276537694
0.07842806218600207
-0.15873277196916225
-0.16489611453806705
0.20903699810396148
0.37061316450243764
0.043541448306916614
-0.05949124671367163
0.12710846013600208
-0.18798689996638512
0.06673795579199608
0.06852724117696522
-0.2238873480123027
0.0361439011643774
-0.14611739506843882
-0.12105476107417255
-0.13162685911591207
0.1669403958796825
0.1819747197893089
0.4091391918207161
0.17123204312222662
0.019921124704887966
-0.11806912247929391
-0.31615319377521783
-0.25665168381419334
0.18291142124856585
-0.07184182290214124
0.3230777156352932
0.34681462182204403
-0.1434026651629848
0.14590582826046797
0.0018834285673140665
-0.02338915135627903
-0.34170019235047133
0.27171158812691826
0.14421392336070016
0.038972919072589096
-0.1466498049726009
-0.024550738797052135
-0.2033831312013531
0.03091034303918773
0.4617574434518396
-0.13973936613845858
0.07013020685503116
0.11501024611567803
-0.30265648243308463
-0.8473155575697779
0.21915314602593777
-0.1570605348268282
0.18633728721209322
-0.07353973216197397
-0.08420787327276433
-0.07243433861416586
0.04063868916646128
-0.06556157850929627
-0.03490550201623706
-0.015007424083825553
0.33284304194662595
-0.01980801173801057
0.07076596591067018
0.003602107529673953
-0.181952113017562
0.33024877068963
0.3058438238718019
0.010990824578206007
0.2245167870563799
0.36824311325582554
-0.25129912061352566
-0.22119807706525207
-0.051778499371187614
0.034066639118281415
-0.1875408135961299
0.09371998435293155
0.3485865482728036
-0.15370666635496277
0.2753887657310451
-0.10408969899881704
-0.5773954802078876
0.15046368437657787
-0.35233803130978186
0.14773446152160205
-0.14901610586116046
0.041230142866113165
-0.12633069995463336
0.046577506066819305
-0.06733057185595968
0.005940015786645172
-0.202790850416848
0.15057426242196642
0.0740812852092368
0.26975229625940533
0.1293528485475042
-0.1871836528674505
0.16681000351830724
0.22749963158475986
0.3203520885955388
-0.06198922896530398
0.11933836487512312
-0.08754008977031207
-0.26456895166785543
0.4470412224684195
-0.14487654315358298
-0.3121967343331845
0.43463062107004974
-0.3629237707606552
-0.04206905156238805
-0.3512597420471215
0.5030744379055611
-0.10549637548478677
0.026146632567577974
-0.117671987584968
0.09911116274046466
0.33724040851476117
-0.0427742966459238
0.14749722586462602
0.18402963688477092
0.3796637816409109
0.25341315481661925
0.05568099746467397
0.2876467967557707
0.14614145194394795
-0.1506013260056958
-0.26201474432900973
-0.2440322308126294
-0.1489327346380773
0.20980109382984422
-0.19762756785689325
-0.10650489521329405
0.10650513050044852
0.03595439587333878
-0.019622717720990487
0.008917017004268401
-0.40611747484530913
0.16055542895205893
-0.13963389753707298
-0.021722126597538645
0.1518756700622521
-0.10044722288414415
0.016669290053671623
-0.09145641847285575
-0.11751568175164516
0.06482431376441493
0.3810182862534972
0.1922700971440364
-0.1351825416649317
0.36418022491800395
-0.07308509518749866
0.018707448665666062
0.11157022918658675
0.0613928032047981
0.18656177280477992
0.09071434672463197
-0.2538677688526428
-0.2275981528708762
0.2072722930157483
-0.2508467349560603
0.08779540070424165
0.10431638225398086
-0.26701287168763416
0.034912578998470174
-0.19183775672964917
-0.10246646424448383
-0.5757908295242513
-0.0672263841338932
0.03152243101897409
-0.024565460302018824
-0.0026300573820794626
-0.0655602586066744
0.04013897557334843
-0.002305342364199273
0.05777176763465145
0.19437702749364427
0.05586044906892393
-0.23306423916425076
-0.3329354377189225
0.030366838138276397
0.15948051021099113
-0.06717451921731032
-0.6492261639478717
-0.35653075018875774
-0.2001451360194723
-0.23372181648328214
-0.28653514048352574
-0.033223796706221505
-0.2237805633504375
-0.23672488373148526
-0.10380764579650965
0.1835710985833207
0.06236744128729106
-0.04843844376354158
-0.057796192811630676
-0.1390312855559722
-0.11936028627746931
0.06823297984953018
-0.09980607010533354
0.17513346472927363
-0.033952450887538226
0.16444425795216822
0.11254203479211196
0.362646394108136
0.04904917430812297
-0.025936461233733235
-0.1077912267032609
-0.030282126842826856
0.09832964584410397
-0.0774032843637659
0.16492055449150936
-0.48959189778344525
-0.024407585252688522
0.014495531805820869
-0.011625885627385726
0.26335012191883805
-0.034521772926617345
-0.2619512932337988
0.21161034844559568
-0.3145796378935557
-0.1965366656953595
-0.013253324240614154
-0.1812852465944928
0.16772088218073236
-0.17250079644399813
0.017856467050741617
0.17400111438649665
0.2663658815728382
-0.007987825369569766
-0.45440778184542996
0.08176206129948194
-0.1965803863098243
-0.10185701778470252
0.4201480730570801
-0.05559497203024674
0.057717024597759584
-0.29302838503439527
-0.016456565236255407
0.25718303551515254
0.3711478265474959
0.19629579903151118
-0.07676120766863403
0.20744297434872988
0.1350381481452613
-0.03207372433167543
-0.17019715960740897
0.13285467439244197
0.17068698142826177
0.11711376961889071
-0.13590730973003531
0.12320354899789121
-0.16351731386450688
-0.022947480994474113
0.2129862370446255
-0.10587262719858459
0.10181726679722825
0.018550715406268264
0.27158964751737164
-0.08854773816237886
-0.1320059334233726
0.2753820935011767
-0.17802333251415764
0.011583835593210485
0.3993073695158805
0.07414721756480407
-0.3457890440515945
-0.33642767094969
-0.1609570355139498
-0.04135075142887436
0.06457187742865193
0.024430682884173948
-0.026853213261736026
-0.12587238658387753
-0.2904320898807513
0.058715205856082975
-0.025868550880098862
0.17147971480756152
-0.18688295682376838
-0.0019593046751456705
-0.12070204818293057
0.348442937131316
-0.013336816929527552
-0.06339695749132683
-0.12147566949537135
-0.020614502002562173
0.20934134093125312
-0.08202122157720003
0.20117164143961902
0.3301703939887368
0.2238711701851538
0.000612395620022074
0.18880066345077864
0.3676888662356752
-0.21867598302416083
0.16579966359433496
0.16906508338187676
-0.017430454532872293
0.08728348057660426
0.013457197225910884
0.25675918662687475
-0.20645359306408062
0.10881428750592895
0.10082655641314252
0.0004850830027608273
0.2625008874677596
-0.006079132033278233
0.052127578206271924
-0.24793979869808813
-0.04726575662974994
0.37827552644566254
0.09598450841347896
0.10224460292292288
0.20802258563686837
-0.017264458501086148
0.20854048417481838
0.007330932395449949
-0.33617025226477776
-0.11315630890341957
-0.12718771999977688
-0.007160341130901967
0.04046331282125348
0.07520770876015762
-0.04176777433995563
0.1506235476450161
-0.09968484128399203
0.19437773847141657
0.0026554032854645485
0.023550322807905966
-0.048091991374722906
-0.22993255139013657
0.15566539135343183
-0.13192536385048242
-0.011181016790682625
0.12592249271267147
-0.04512231812531104
-0.4233410783054158
-0.009357219541551276
0.2074781662022523
0.20974310113209438
-0.1039174743082224
-0.17249168878212254
-0.08954984537082356
-0.12892214918863548
0.3311325924772224
0.1491056012462144
-0.022811969816371225
-0.15976586644279248
-0.1905429613646836
0.14009612520477785
0.2119495862042916
0.03964712862656185
0.1663466458207572
-0.2644069754191617
0.08971206029877209
0.038189481875354224
-0.31908996930967226
-0.22698613523301994
0.05517411101497721
-0.45646740767071114
-0.3760144434039787
-0.16555806243668697
-0.2689794025183507
0.007549920064319659
-0.36665384476350615
-0.038557577232964865
-0.16779610349010607
0.28025985578284146
-0.1560363761609946
-0.34153414682688915
0.13889251798045676
0.3868727281593485
0.3683889456530185
0.06232784820298919
-0.027748217293455824
0.17986215971412672
0.06533211967396745
-0.08787122492961649
-0.03083492296030259
-0.1876527580138481
0.14176710113457858
0.055237649813127454
0.012795081543812276
0.22650431426272233
-0.06558848469599782
-0.13406704243334966
-0.29382337723012963
0.15306660793738835
0.24536809686947977
0.14915694783593064
-0.4311577375170614
0.08528236176834238
0.22937682074221902
-0.06462058061746064
-0.37647542557677216
-0.02742875542599635
-0.10361882045737787
-0.0855504512500267
0.03296765816168087
0.042562572307064506
0.03708835818937684
-0.04811152512253156
0.25940144615208366
0.04325900239853175
-0.23896634078021692
-0.017563301781365583
0.21601832654336467
0.13600355351154533
0.09836606102218386
-0.13002687143851097
0.09397773820225819
-0.030917966363612905
0.31221350346322607
0.25002537028892674
0.13304008084548366
-0.22801620654588342
-0.09645684804897181
0.1624065247122151
0.2963174025461452
0.09545850588253993
0.16697993789571805
-0.09899866729238713
-0.3912228796988575
-0.10855046135477797
0.0772061218010556
0.024724488870480885
0.19985820221481723
0.4258490644583052
-0.34039837527895267
0.3390675886558676
0.30842557226806466
0.17716219460837498
-0.07137300593709445
-0.01781810140599491
0.14181950037642205
0.027808285769438904
0.33968866026643146
0.21526912376642837
-0.05723051347735219
0.07670661046736486
-0.29849376167435165
-0.05940104640299237
0.2420594911389975
-0.09412927153040267
0.29854534961959145
-0.14914783951553662
-0.23965307999982627
-0.007275444268755031
0.1484111762329011
0.0360609891675669
-0.4492078601634229
0.25916644332839905
0.0656830235454024
0.011380929562255233
0.2553172510266844
-0.0049118686781451735
-0.09336840283158765
-0.18873707531531114
-0.07267342455519492
-0.09843063467769625
0.22735876854816467
-0.0999419395809526
0.1804440103042543
-0.10610392006604248
-0.16582346327233163
-0.037360698195939235
0.3391255147162532
0.20791630546851
0.12701153839907203
-0.16242475273220913
0.21968657700805055
0.0006023749477785705
0.09233972584295366
-0.30361412172615504
0.05000337619841747
0.19122186553176876
0.4447926301873564
0.3938038652144622
-0.21118941995506738
0.16549255351429407
0.2850563340732705
-0.1698067633701011
-0.12618121351918185
0.19658279967960193
-0.4538261166311333
-0.1302537852432032
-0.12065223765317085
0.11456598828334774
-0.22111706750630045
0.02238109684201625
0.17672209345330853
0.3566647481130404
-0.024861569877112286
-0.01801225803450748
-0.19271581494157985
0.048141098870498014
0.24349518858197958
0.13833551541120295
-0.3004058897643861
0.04375296624176338
-0.14894167608098757
-0.30935272335100555
0.28387114067683034
0.16297086458434723
0.1200096305627578
-0.12662538779532864
-0.10317713785781493
-0.060640520465758775
-0.0030847902265279926
0.34617649374550896
-0.16876744435969737
0.13573370418945482
0.26902017605429424
0.3860783157812524
0.1106332875125604
0.4018359453279118
0.04671779644950714
0.08502025880687104
-0.08462981406675905
0.327204091299476
-0.15945951691757926
0.35364089745084537
0.24055749791053357
-0.02855134847296132
-0.11020096332990502
-0.11256929539458026
0.11266922794334858
0.11195287410981505
0.03704823060021085
0.16267327864346115
0.21900508468929347
0.17426342960834182
0.22250106119547747
0.13399984393784556
-0.22330794512436644
-0.19338951240997967
0.02964309666344228
-0.14220682824048336
-0.21477158063664037
-0.4541222927376347
0.09505492608811311
0.08376093010596762
0.15913982336534827
0.06037827535960008
-0.20979187648031547
0.2854071013282693
-0.04289269783518806
0.027670195393499127
0.040290978601959695
0.15381727350938648
-0.028146371162787537
0.1544474551358231
0.0321915041166191
0.44081103301231944
0.06686377609615228
0.2581225810618017
-0.006959823988628874
0.27879180883615157
0.09872834717854806
-0.15598382448308992
-0.17310094765230807
-0.07963042645801194
-0.14156512466232474
0.13456964007475894
0.3195364031174059
-0.041773098663834524
-0.1518572530963341
-0.29238212931463825
0.28791309007062893
-0.09111801267142033
0.34562332519914224
0.25902471029441676
0.11082897901134128
0.1820082883381685
-0.2737085579586149
0.013636083839169942
-0.10683866826031257
-0.2706172256953739
0.030527106941254968
-0.3117292652545731
-0.14529090271193387
0.03310255598706519
-0.11166567161185253
0.04591569510709207
0.07402118824740332
0.2633917578416517
-0.2489546799792196
-0.011904793976926703
-0.03481082449862613
0.07075200799245839
0.16850958924743462
0.35751198749486623
0.16223579422290155
0.2884217994183162
0.0362317379546842
0.03915344196560455
0.31419191487795733
0.28350011166413996
0.0647113490031069
0.09253188164313678
0.3054403329425516
0.017210952308334467
-0.2319750595183443
0.04685232053953159
-0.28938368052576036
-0.09450038648970577
-0.14618299018641492
-0.2113607582665844
0.33213429918328913
-0.18090258658561278
0.0988833057684987
0.03876324548779988
-0.026053409162367654
-0.3596410010522501
0.07840444686008867
0.15184286818196058
-0.010726378223356882
0.11792495779701624
0.2298056070091673
0.22950719522267785
0.2816220851575377
-0.11435883582646222
-0.09237239661318433
0.5294556752671208
-0.08557396306028837
-0.12282568727380963
0.02248912859497852
0.11892184951346384
0.1637424828416406
-0.06909384278717881
-0.05918293894030542
-0.30414666570728127
0.2604172233036214
-0.15825096039288458
0.0660296419143066
0.23470536359708905
0.03750564699502023
0.28913621167450915
0.08230381555419655
0.17724104314343295
0.8096298131303254
-0.19602643351376361
-0.18530799368034825
-0.040423568026956215
0.10487054975724391
0.114546131149155
0.1762646863360899
-0.29182644085615445
0.05212878812967502
-0.021925814792060763
-0.08118189247516415
0.24698698081334514
0.11462769210047591
0.3515934877325885
0.0025214378694133587
-0.46277408599049974
-0.2662373014217577
-0.018294798861171014
-0.04057290351620171
-0.09425046571540024
-0.2569739498007802
0.2544700250224155
-0.01297425820070451
-0.09772596413195292
0.061185446563484895
0.011566094485371598
-0.13482925151243488
0.012101025060534181
0.024873892571406406
0.03932411944016914
0.07496659180183579
0.09291007471444758
-0.06637666752660891
-0.38705243010092505
0.13147179934314343
-0.44750819157673666
-0.3831835432853896
0.31271382556348404
0.03445341332620185
-0.18997483650205826
0.061101429924732324
-0.09188468599133032
0.17867832804231631
0.10498592852790518
0.15079189376201585
0.215381257052143
0.07135766286539245
0.06310318203241423
0.012249057825258425
0.01587491303806793
0.158516527937149
0.14068975808939374
-0.027774672875375196
0.08983149592252776
0.36661030858146293
0.06991199192058903
0.43105877182173763
0.06149257355406537
0.12188323156989656
0.04456042679781313
0.04639083344838391
0.28780150010501593
0.5131594653707126
0.4490783852632676
0.01582082313212023
0.05913552086121794
0.14820324052851372
-0.15661633978068057
0.2057231397895629
0.05213637484925983
-0.11266249256965873
0.02256659034507285
-0.15445264068037914
0.15326370258182057
0.6779284196068627
0.09583190188055847
-0.5419902316473759
0.09256641169530974
0.17922842116742155
0.01580183068219546
0.00916495166313766
-0.13398395716802824
-0.018239295525144566
-0.1407241186467047
-0.02647021184231514
0.06956731800012915
-0.21300868876372214
-0.07948573008235899
0.05290118394852285
-0.06713152353877047
0.3030363719482206
-0.021445825349598054
-0.11934586546807349
-0.12928823406552675
-0.0887783802472426
0.13887469507485492
0.012082153126891764
-0.041555824849969114
0.0012880060567299905
-0.5257456791601858
0.20165588582605198
-0.07451113761168532
0.08768996185564412
-0.12561335378382443
0.0016452594652697568
-0.11481272902005107
-0.37246821950842635
0.23773585902790262
0.14915084500113304
0.023512050525771912
0.06503780522685625
-0.22039129714349742
0.06186976894814439
-0.2505756401530629
-0.14406529155045583
0.0015244895888275787
0.15188504845108017
-0.08099300066443699
-0.2757003896635851
0.053958284063222284
0.05865041237119731
0.16011731681349348
0.015776395802623046
0.07100341229026678
0.11167058859107151
-0.19077682988961242
-0.1341938294488557
0.05225577769264283
-0.24406658954853053
-0.17455603652470342
-0.08414651961751173
-0.15446912464316231
-0.024969688795103584
0.25553005510234156
0.025342207552613506
-0.13817845883085383
0.0069087555314606116
0.19182378134574643
-0.06410974842915533
0.13626357067173753
0.020360810959835135
0.27555710277519635
-0.25005976073288344
0.1644568824428062
0.2257356168306068
-0.06540078304480015
0.030002393141442735
0.04695823029647056
-0.10973074964305007
-0.22224119312022636
-0.1594563026416974
0.16901744625709003
0.1456479168268438
-0.4379231912292211
0.0338994894694302
-0.016683241108832136
-0.10722432950798218
0.06266592221308236
-0.12773979494565163
0.08858465231187518
0.03860396624343504
-6.800389794222626e-05
0.00274048020696868
0.16586688013159426
0.06267387644927702
0.26179235564525355
-0.1369060432470716
-0.18083101680358646
0.39268750656248314
0.06480763157802254
0.15172237419193288
-0.33867841608339994
-0.3174322190461342
0.04843094118579036
-0.0061895149382690876
0.02269195140422517
-0.10808555955234884
-0.46142115546557394
-0.07388725583436691
0.003455902057586661
0.06971415587722754
-0.0905725932916247
0.17822954101499905
-0.09144175210424021
-0.06994490726644693
0.11787076695929473
0.3678464372655107
-0.26472153866312204
0.19646981135826047
-0.20550490422922893
0.13918640777042612
-0.03842721153609299
0.053714586903671604
-0.10785130436424979
-0.08230346305402166
0.07341089855956062
0.3278390317432103
-0.20716694001702363
-0.08358452301339558
-0.04254225392062965
-0.3065412331322124
0.4667274924438485
0.04262877469246433
0.16026593519479657
0.027873459589328683
0.16699899279152813
0.09659652266507786
-0.36156366431891324
-0.23808930135842107
0.20966309522234697
0.022198380761635456
0.4449796813540681
-0.3077378690705725
0.10468359567075798
0.2441003468944766
-0.007936384179475942
0.047538565460705826
-0.05070087811152636
0.12293485241060198
-0.004983509785550867
0.09440400291405046
-0.15500424148110165
0.07126300252692044
0.08977608843290852
0.14060689942983481
-0.292887810867449
-0.08773444273572024
-0.015170251735846456
-0.030997154298527087
0.1689783767953078
-0.35962748040840053
0.2634248187188408
0.010567264781648688
0.21293378587026238
-0.1790970266986484
0.12942852577693134
-0.39396088345005964
-0.07162264733785308
-0.1884033646501309
-0.1366526158135118
0.2807235608683522
-0.04166020490946812
0.36768650817561527
0.09197367927031619
-0.3319565127584536
-0.012436544458931513
0.08302435892675793
0.1857539357585476
-0.015332538045552799
0.03427244979960314
-0.23424980347769442
0.2688397611827454
-0.09052258038239966
0.04575521324888663
-0.10291115818264385
-0.03959843550526029
-0.03993977523563027
0.02834113387748525
-0.1857228775491297
0.1302528978617141
-0.15060356561131738
-0.07541321738397064
-0.10799113740950497
0.14605493085405138
-0.05481984863470987
-0.06912568469687992
-0.04199038916853601
0.1878441461140228
-0.10154349006425911
-0.26693531617987953
-0.11732780490672248
0.018764229829816268
0.029505569384551934
0.45131314697110936
-0.14272729776352822
-0.14187761363249868
-0.3487210427078074
-0.19652498964143517
-0.1167346519807156
-0.2360609296277182
0.23407385959778165
0.11828187428728908
-0.3437620013711017
0.2347557717580999
-0.08252592419371135
0.26874944974977194
-0.09142905481026149
-0.25497605501681625
-0.011437165917982823
-0.24212766875792835
-0.03829095592684375
0.008614606836886786
-0.07366689982584469
-0.20378618851696095
0.2317468276320494
-0.2750856600544193
0.18504307147487709
-0.07986784382782282
-0.13862067753019497
-0.08577638198172038
-0.32064462513979536
-0.1008469013456323
-0.1835279693935804
0.16902482512651476
0.2784533599071373
-0.15265383325592832
0.2760707006469073
0.01995354487766941
0.08453583572466375
-0.45339847135044087
-0.22789277021071733
0.24256290709859366
0.02682420260320792
-0.11430186155897515
0.013741678126667057
-0.1275463244803248
0.013776727944899526
0.21789607728921362
0.18663700383894075
0.15067977562992607
0.05940775131310583
0.0033469823035077043
0.05051258602521165
0.2722494113312339
-0.11079493642466952
-0.23149071223394932
-0.08426990575937558
0.07056989279209595
-0.032338066272240444
-0.3758795909733768
0.32083748698097325
-0.015422050298647611
0.016402591726254783
0.21148744941791586
-0.23536689068075606
0.18101262057751027
0.11657636382676746
0.03066508725587267
-0.1129050900770901
0.0033616884084467454
0.0006767108325274632
-0.16525893328798613
-0.19230908581480877
0.27267999954868427
-0.3336082585209119
-0.04562578931367927
-0.2058478563436221
0.04494705279520024
0.19125382554154108
0.08861550749497196
0.49674582667911626
-0.024345856754428463
-0.0034785133364280494
0.14638484626749207
-0.060428998963893005
0.1106128506394577
0.2730751016127945
0.0232455068612938
-0.11781253843102252
0.15863893933568934
-0.340337471832707
0.09351508338884379
-0.08725107879907748
-0.021519342434247784
-0.27164256243074897
0.13237263260891316
0.2560106826700505
-0.02028491134566529
-0.1382140059857018
-0.08515097448755662
0.0015721318821276553
-0.00931577318077079
0.2275444458274566
-0.041021405395053605
-0.30327331184999745
0.10721830509203585
0.1227769334979416
-0.1254452952406324
0.4561642801827086
-0.32649733187884833
-0.04489913855306585
0.12468339934928208
0.17951371236024452
0.20810539087737326
-0.008411993498858978
-0.15866281223177303
0.178676283138948
-0.10326495278366228
0.08626661700359607
-0.33849353471066546
0.08158514907737964
0.1530092303707673
0.12982359960029477
0.21160370678078533
0.017260299150691823
-0.3029527521340707
0.05034919568639552
-0.2437248900236818
0.06140248762963829
-0.29929185575029077
0.043621714720542215
0.09081299294032759
0.2906085354543022
0.3248575859786489
0.28679548188321136
0.2544658582254246
0.16717194040141445
-0.14491247913978297
0.316201553692218
0.0902351256770866
-0.3855686431886878
-0.08454946493982424
0.05662243457929575
0.20773806684683996
0.05286028931215578
0.012288473906987063
-0.0731616391995072
-0.46287954606179044
-0.06944399491383692
-0.04243335145555443
0.10859491881197547
0.0542352766119602
0.16694667620336104
-0.11051827385823965
-0.02990410069203403
-0.10815736857497815
0.16193565027005524
-0.23914449133010474
-0.05441721113951702
-0.09933415788982008
-0.02681881647469744
0.11533402749936353
-0.05704828799921753
0.0431922464907695
0.38874913143350454
-0.051324705079573665
-0.05340413043973531
-0.1616946862273409
-0.07225292879916588
-0.12726316802160262
-0.08032999887361711
-0.035162401287866456
-0.17389353646505834
-0.10122008400970117
0.05311625117054847
0.045511769637569456
0.059327076925793344
-0.19300771998995014
0.3228371946963177
0.0781530055732955
-0.17145719284529726
-0.1052673430027451
-0.05906540227633422
-0.3153889705174725
-0.11348610025753202
0.19343612961583093
0.1877932520481716
-0.09561396318236474
0.39992043656675524
0.539065578222606
0.0459606342095712
0.10757853479025775
0.07608478860351393
0.08426328465648021
0.03000195193413148
-0.20022443652902333
-0.3902896182451878
-0.31290216880962374
-0.007773493482014626
-0.011187820746207984
-0.13392474412752475
-0.11300489122549817
0.04975696794134577
-0.15795535777542924
-0.27707260441441833
-0.06925502898739476
0.11720863366523603
0.1845292881337608
0.1314494377533263
0.051752056819332704
-0.24062425281738578
-0.2909407084506781
-0.2787780507468635
0.2626092164906661
-0.2886326972367961
0.1715925656159505
-0.1168855852590167
0.17880067124817137
-0.19125303846932762
-0.02057778413673053
0.048245217111828734
0.006577099953899657
-0.047267646802412654
-0.14366235797178684
0.10970314457347195
0.03256969143336251
0.056757402928491345
-0.01262795445801836
0.1938802230994831
0.18792801078976906
0.1619349590841351
-0.09290243512348555
0.2759038686525967
0.2922644612276649
-0.3375441164007845
-0.15203921145074822
0.057732813820111986
-0.04357399306892484
-0.26847627501280596
-0.02856176348689593
-0.08138295850218243
0.09849842377346463
-0.14128030428534952
0.04741276450041369
-0.5274528754194197
0.05447426823177707
0.029889828519716728
0.2865966259956802
0.06208175299137761
0.1536344631388783
0.13010694069515436
-0.09120295309748076
0.3134299700855328
0.21153906260826205
0.07453025503424301
-0.026144329723786365
0.2888109248136395
-0.0817799462747538
-0.04549502302324695
0.022722099478782294
-0.24705180491275247
-0.3566082635292656
-0.07695492297921731
-0.19163622640091516
-0.010208822693119894
0.07078374203531852
-0.0006761863883135372
-0.22171346726968033
-0.35349439904594654
-0.004905578099213516
-0.21264992596271762
-0.1650216270954853
0.06019225578778238
-0.016066225255382517
-0.05139147907122284
-0.23751451584069858
0.20416555285939011
-0.21098623844698638
0.4003315227613765
-0.1419055371219608
0.007428851604655941
-0.14292996397115668
-0.28833473060097686
-0.16980584614524386
-0.2908263984539049
-0.17635032960005384
-0.36080863067757285
0.23057249976364208
0.03249554375351448
-0.13233625134646435
-0.1664656853605625
-0.3752461207692922
0.34228094909504336
0.5372214576325492
-0.006863589458212544
-0.2260682318999775
0.18434682085988002
0.14308177117160537
0.07151362773068386
-0.04151955291146953
-0.22017777771487565
-0.1376750693536865
-0.055331920923400224
-0.1366942920246392
-0.3029017157033067
0.12532330347064577
0.032933247396561185
0.13929108392566997
0.2733948191332873
-0.018302756194420993
-0.0024202337450554326
0.13525229586987858
-0.13306460204156176
0.10172321340362607
0.1809307191849786
0.09930903523825506
-0.2596299332448632
-0.22465597592051606
0.080935228481468
-0.2892593592443218
-0.104754885164457
0.05427018896557239
0.4330738300766996
-0.13628427228790888
-0.036410157623094505
0.14206901712910275
-0.18958705571974024
0.3810827748050197
0.24516183677581638
-0.10057292739949614
0.02147282691559119
0.26918070575491015
-0.13893377514998312
0.058037777046879506
-0.015930055573830246
-0.007838597091267658
-0.22874563582002688
0.12678669046756974
-0.04472261293432983
0.1040824377457571
-0.32686756344693224
-0.24884938027872844
-0.6008441473394015
0.05983846811515278
-0.0354671150609247
-0.2467721018812056
0.6681309268908288
0.3065169079698234
-0.1665174156787858
0.14622480195774187
0.022091878696397883
0.2517228211957711
-0.3353980135309674
0.23506290825672435
-0.22469332528357178
-0.1722189692385041
-0.10375387439635703
0.18753010086954955
0.2560837917373564
0.2592562660235699
-0.01270235055075055
0.26856045117328703
0.03921420272933311
-0.17402862270739516
-0.12922465624518184
-0.2113979850790159
0.038415593571674095
0.062913015665423
-0.2067168036685466
0.2759150443281206
-0.011944460691895606
-0.2056649354525372
0.0360495249000035
0.3232911012894148
0.15126497036321215
-0.04681935561074587
-0.07124816978149216
0.20394808305337464
-0.514718047147808
-0.07270081517814525
-0.030601918269855907
0.22375473549355893
0.3757299795197211
0.023764406899442748
-0.0036095466765049423
0.0801016589365194
-0.13460627597451805
-0.24952151447011206
-0.009215453670377015
0.03665399362277712
-0.11565968461145862
0.3700676068984925
0.014408905751007459
-0.4129010860334198
-0.10051523219056441
-0.2656495630028261
0.32132838052688517
0.2428885634074443
0.31846391841852806
0.34172059790152337
-0.3702685343018125
-0.020841413536500993
0.023325583451185038
-0.057029118398653024
-0.3629367351507362
-0.047358173800637116
-0.06612608260710771
-0.03693903895836187
-0.07460284521953041
0.09147962339787732
-0.09968996758709403
-0.03996028743695462
0.20759430305650348
0.14628711081713558
-0.03798527374737506
-0.05711463858261367
-0.10163851948153549
0.19230387104564442
0.10991015784364783
-0.18314515808748588
0.02434145880641753
0.047368377179468596
0.14344435163328045
0.40516102557301426
0.024050359826643268
0.07059490219012589
-0.013545190914458369
0.038165560793021004
-0.11534463489815444
-0.2555476186250087
0.2691662741165357
0.30148610779282486
0.275907940238147
0.061824016017288624
0.08597587364342656
-0.2978335000961888
-0.071472282470764
0.17193178893752806
0.0756861855950842
-0.4356794772040378
0.11001486188933259
-0.1325839939898279
0.061876964245909175
0.03384660529866053
0.30584850630023785
0.030279970442505084
-0.02449832566605728
-0.37405535420853986
0.13497461232093672
-0.13890476165398363
-0.047589866366476385
0.07364970635085097
0.16004916449550766
-0.17621941491968035
-0.11158462517764521
-0.0751157094108502
-0.17139569110247602
-0.019229649989986376
-0.20335345925437787
0.13888340633354238
-0.25317183273944344
0.05669751688399715
0.11693175833115983
0.18967423678642972
0.28890049702694126
0.024215134847226337
0.054563904296366456
0.24410164118079855
-0.15667541452555436
0.173016917195512
0.01578839518042151
-0.2769959591493964
0.0879085072137093
0.5955201955267667
0.1942254695689788
-0.18659268186355044
-0.03882672374507723
0.29006488785027135
-0.008769229031311453
-0.21181706399460062
-0.1344092393740934
-0.1806943013720695
0.042862946057794206
-0.11835599552464038
0.17590001791620072
-0.19844364653061314
0.16039753196377823
0.402484091595467
0.14713171295310704
-0.2236304260969898
-0.17589125379716142
-0.14359946491255657
0.1669561530485679
0.172981791950244
-0.015836288155894027
-0.12803258354457714
-0.2755670252722526
-0.028058672170581413
0.0849003382418012
-0.054217457995288945
0.13877407195000185
-0.11372560179251073
0.07547408934526191
0.2733993201809993
-0.015167338734314181
0.07367819343284744
0.5054664866943577
-0.06802091509956412
0.06149183003873898
0.01251069270015632
0.010127402546072693
-0.5203552614257329
0.020473260207648402
-0.16419029379710182
-0.10015169796668898
0.20064297992516278
-0.3689847553880043
-0.3262704781733631
0.04449608334325774
0.09221384305591404
0.00013039781118119384
0.3256442877649764
-0.04083088095339127
-0.22501399059281973
0.08548185166852756
0.21602430529451824
0.15491254779594488
0.177752341188238
-0.03335876573745724
0.03291807294056341
0.0666088576869503
-0.11121889620701074
0.26251321513071724
-0.21101248301706477
0.034722152731889715
-0.15692830192539853
0.003403323928972682
0.14569550092977465
0.02659337598935731
0.2959622871436213
-0.19044556531859216
0.02978786159913316
0.30479936114814904
0.1665288547411902
0.23473379902784336
-0.07074840587917386
0.23750338090749437
-0.1750321190544968
