0.4182255576503509
0
0
0
0
0
0
0
0
0
0
0
0
0
0
0
0
0
0
0
0
0
0
0
0
0
0
0
0
0
0
0
0
0
0
0
0
0
0
0
0
0
0
0
0
0
0
0
0
0
-0.0009621716912198448
0.058979142566093094
-0.640002197044165
0.4430202280667464
0.08689845473498263
-0.42813373261834686
-0.07175838780916967
-0.224642891493679
-0.006110856795652277
0.14978603635701088
-0.002875491040831139
-0.2698779624749246
0.09116697897142535
0.2319200376184338
0.28157555810597235
0.16880970489955155
0.008941639972145168
-0.7920512889646614
0.18702149524482406
0.5230821633897279
-0.15966163671764008
0.2563076446091982
-0.09467440488609714
0.07286411043547655
0.1842313349962526
0.029438080919839238
-0.23463711903374307
0.2359197348566063
-0.11343051569296599
-0.05783551619193649
0.41954033730154083
0.6005827692635742
0.35445090622649295
0.04832072036337615
-0.49159375671485533
-0.039967230144321304
-0.2912018216517718
-0.09199131096484946
-0.3522729184209306
-0.45529599225667367
-0.0672877411593441
-0.5276574567145765
0.6921960428931931
-0.25110187809171064
0.45574790638336626
-0.2847571918183418
0.2603513253283443
0.6411076826618566
-0.3685279409041618
0.13156505750865788
-0.5417569943367029
-0.25312784992823295
0.08260597057080159
0.24574600586529852
0.10215205199409454
0.00712197857064193
0.24672065723043243
0.015942737094176266
-0.3754576055010713
-0.6479919208585058
-0.18119512407193963
-0.05965617748969788
-0.37894160192599236
-0.6909650214129591
-0.1641631162072075
0.3576763139827607
0.2029415836992084
-0.2771773451551358
0.008828154025576613
0.1026667209582015
0.05606291634382118
0.34621225972916336
0.05357632879427755
0.18417110479247803
-0.029924689104231537
-0.1245606423151987
-0.016583863679348526
-0.006736562667087881
0.07800981000599179
0.3314615449922525
0.2450594783340891
-0.6524705224337211
-0.21058831352450572
0.31741345469822124
0.24159889160881773
0.3242636207110843
-0.30399794254362367
0.18368755128103198
0.298314222485068
0.027291957624286278
-0.21909240414634146
-0.23448243652347517
-0.08757254633947321
-0.14484600637311235
-0.0033775867248005778
-0.01988877821750083
0.09368069383534389
-0.23359977316871383
-0.10649043871387533
-0.2541632269629894
-0.228715166528039
-0.37112851451122303
-0.5074894169286932
0.016486604949351624
0.16907064243328496
0.0173834501386653
-0.08517955328769619
0.1280106730137845
0.30451751450544073
-0.16940349144732605
-0.45801461164468027
0.4147992468813623
-0.024362572614926113
0.13959056720799534
-0.4518720371875245
0.3606042337881996
-0.06072038008094491
-0.5463865851367118
-0.029861094115095348
0.10748235043230175
-0.1371095489764203
0.3448149881905601
0.26307800538003423
0.6814606259772628
0.037209445656168245
-0.3998212244333093
-0.03957055732843627
0.32547074358764677
0.09728044581105001
0.45709975218699594
-0.503840629186875
0.055969038417148634
-0.3728716424607582
0.06738593036762404
-0.3829762385163506
0.5220401281102897
0.09550650416328448
-0.19516607089481533
-0.5253558353404189
0.03790045287815602
0.15270648510880505
-0.22227106873889638
0.5147263399029116
0.18957373652681944
0.9596337790609906
1.2602534970026713
1.4579887393340352
1.5089611131527676
2.0302260648656603
1.2792238514300989
1.979719493830613
2.3692024324300966
2.1028914951023423
2.299291361070509
1.7377067848356256
1.812220547073533
1.5215398780675318
2.4279118567124716
1.6753665096684096
2.4727484282111085
1.9539375946249773
1.8641066192766582
2.244192835509256
2.2132831539735487
1.9198378619163325
2.370255995230104
1.494199214633503
2.263534329054121
1.8266197105729596
1.3122413360142264
1.753552422166485
1.4932285471889084
2.144074166194446
1.7619173266308485
1.8094348462091765
2.2213747165585582
2.3323944905987206
1.6496813718778882
2.239307081536359
1.8894758684052992
2.112289636773909
1.5104699652047744
2.0839602114059583
1.6956861617855032
2.1194500134548444
2.3415721176418005
2.365461356802772
1.9384044955781339
1.7028305811210798
2.0289718897258497
2.045960269111364
2.066131258483692
1.6177436377428505
1.0670410379179796
1.6936603270335404
1.80386368002159
0.9887130380938172
1.783001062642875
1.0662877812112355
1.5152816021231574
1.527406042948757
1.3474682229493924
2.196877897951878
1.333481033900574
1.464613641828308
1.6727977702446162
1.3985207934510475
1.9129697860963355
1.7196100905066338
1.405052637216078
1.479161948632863
1.8369318329803939
2.0215795146092335
1.5236262195399737
0.9761602507316561
1.9540120723288972
1.221704754208103
1.6022594181478278
1.3643373047201595
1.6886790389406219
1.5378388657688482
1.1644085272062668
1.639685509631901
1.3295665554634344
2.2207321785024834
1.5193893256564468
1.6135076722801012
1.7379635758912335
1.2328132153480529
1.6444399286151465
1.3232720454704285
1.88194818052212
-0.5318861601811739
0.14679197024397383
0.14095899357958397
0.0198824173192706
0.03456242763905032
0.3002368943336496
0.14215665807117173
-0.4388485792792099
-0.1669464200344933
0.26410731673313204
0.23103696509449448
-0.0461921148426799
-0.2071525694325033
0.468952849866365
-0.46716229597380265
0.07536274425491458
-0.24020441220694225
0.3253105261927233
0.1302573055990542
0.10124900340519526
-0.0347606381673226
-0.4516859564163297
0.3449097014411779
-0.10949679457561759
0.07606806725728879
0.02364586152316569
0.6631545491558439
0.2488342796625727
-0.027657921207852394
0.3552813956431921
-0.22199697416524666
0.26137205069626684
0.3365847472355705
-0.09516331258379991
0.31579968434782296
-0.275354886104709
0.13433802267251035
0.17783745051703956
0.26929915371830626
0.20476350420605907
-0.32602363423023745
0.1577359183879935
-0.10718943443869225
-0.08106940536123362
-0.2014422817916455
0.3340948166957887
-0.5101723535770544
0.3898105511167756
-0.23934078604503087
0.285356862921224
-0.10831577243572447
0.05400055523797064
0.5720391449923113
0.20988273137366523
-0.5075646246079046
-0.08579807973318913
-0.09263634468507227
-0.06976240726785694
0.020620705381104085
0.47984655359811257
-0.06226743446879922
-0.10336961489591319
0.18449954177883204
-0.07213099884191869
-0.14841122880906293
-0.023149656222912256
-0.2836760564459401
-0.22260213590357988
-0.05769638890578605
-0.04835407309639985
-0.22340324964643907
0.47678079111579924
0.20419228789598734
-0.24443430297867455
-0.309439159123173
-0.06181304651580307
-0.013980797328370901
-0.1983841587170304
0.28841379260217964
-0.24144936184780785
-0.2502079755335618
-0.9335598223595966
0.016714385887763132
0.8253735592851282
0.4411532855660029
-0.10139510909240573
-0.19839505370264018
-0.29452193687877004
-0.039823490852416966
0.2110108253794874
-0.19322632122402164
0.44372286214271117
-0.14701728115560198
0.6190495791818714
0.16260074097786412
0.14171702981286935
-0.17617379170453956
-0.29610506335309167
-0.19208718391989105
0.8804208164764058
-0.19363989024586403
0.35598677062385653
-0.1647783718248077
0.000332962350887277
-0.6297627044004502
-0.06065243329086953
0.2558350057053602
-0.44460677655506653
0.5780551946645089
-0.15811931301704943
0.1272024579455281
-0.08354899198972661
0.07046924972760647
-0.7659025092366888
0.2163692536645459
0.7088125846818435
-0.03862682354064287
-0.4132312477553482
-0.009702808286002403
0.5005936498118286
0.2053036861870084
-0.03979423985476999
-0.25781076653758883
0.28249153559673923
0.3114161364766081
0.06105495600861038
-0.038907322660487936
-0.028946222076378047
-0.3705242388766924
-0.22169573738917245
0.2912986808192452
-0.10357492467978746
-0.007374161650372357
-0.35802431916497746
0.07724336141306572
0.4990908882300157
-0.3317472933579955
0.3509895553783015
0.234341867271414
0.10036806286724466
0.3406739628446215
0.23026602438141514
0.3273471679899886
-0.10408915647320567
-0.23385675053188937
-0.25499345484536545
0.2518206285718926
-0.37714315760356465
-0.015737239091328677
0.2627086802088257
-0.22037938553501057
0.15491693726147218
-0.12070038684124623
0.11049119940128904
-0.1426737150257665
0.3452627341005157
-0.37040746187761797
0.49043051964920065
-0.30460122321991706
0.13701143006717587
-0.27015767948735014
-0.5805568597570756
0.10705152929422075
0.22731880511666033
-0.4410831228229278
-0.19094301743017544
-0.07731024751536407
0.025991698568506885
-0.17274141763046955
-0.1438957328353006
0.18916604541134793
-0.14018564545106213
-0.2728773938524795
-0.05752535652935516
-0.5830435947565618
0.03892824681328406
-0.3484024179148096
-0.3310232353509907
-0.19534571854078245
0.21870487522047996
-0.11010146333612633
0.6431429126705261
-0.5526279501814573
0.18577229963721736
-0.09382277985497692
-0.1339282822273115
-0.23040867361905004
0.1838742121917981
0.45610612932529426
0.01830396441182516
0.297790763433286
-0.31789220387292133
0.07179589924987624
0.27030288408869146
0.03506359176806023
0.06337922080785231
-0.5804703727928412
-0.13617231629016502
0.2981454401771898
0.2926996540889706
0.4908723342619831
-0.32594729648683557
-0.19969601637985904
-0.3852470142832628
-0.32220488999398605
0.30730987314011243
-0.6756637550379854
0.16114589718980757
-0.30287986448378207
0.024679072960586034
0.14585603336244013
0.29656033467811066
0.3256826121767757
-0.16206684395946824
-0.07989860790741025
-0.6571158513584697
-0.154120439499692
0.40867405734739215
0.1802841863308257
0.144874216090321
0.3491742787679932
-0.3176955421280829
-0.24384353676001996
0.7385058891283741
0.11509628734673033
0.31745232808386886
-0.1231872137689187
0.2618665415977735
-0.18254044849070075
-0.1584323463540631
0.30434884501605625
0.09407921720421202
-0.35531450516110713
0.0034790651404789786
0.1653698010940969
-0.2870021056154381
0.029090843121700093
0.0687745578986507
0.2380225250203829
-0.12356208685288249
-0.3961828203560034
-0.0988948492020815
-0.35098069815036614
-0.2150395871899558
-0.2390398748039948
0.2678901423393153
-0.34546074093781404
-0.21835365894470105
-0.13694321912640697
0.1251312834953608
0.2992693556569641
0.251383304670145
0.17754286947330825
0.46641001092337975
-0.19956911321191784
0.02495041904347546
-0.7635747696402418
0.2019605737544268
0.104205877974172
0.22971855291990526
0.20391779774987506
-0.0968611640394186
0.014510826042215442
-0.22737076063608636
-0.27306526475045345
-0.4343493975344466
0.2133941061445428
0.1700245665203768
0.12366807770543164
0.16251889568285433
-0.47754404778389453
0.3749052091818293
-0.15548728505498466
0.3257076070122467
-0.025153074783731817
0.14982345608035114
-0.48174351999773757
0.1858145350045903
0.48633414095499766
0.25464131601896517
-0.07529507237359816
-0.229252344679759
0.2014995617921321
0.19735139054905249
0.10718011065148286
0.07752441371677743
0.2863379066788844
0.02396175690541069
0.07076597693478819
-0.13856541230734376
-0.1697276265392226
-0.08694456092080213
0.09138603990309803
0.10179999185347507
-0.1769489284649534
0.13278156642323963
0.05846779957659863
0.1339235103595843
0.09157339306665879
0.07079364815918404
-0.00864127873080767
-0.3380708354348629
0.3880071530554349
-0.42397705341623
-0.05554451341605481
0.17255376504509257
0.3612457270633428
1.0786160246822618
1.018271386552684
1.4064711686783282
1.1106189074618298
0.9474669954315985
1.882661736359392
1.5950209341844317
1.199930463645198
1.1111864745752849
1.5667196165945119
1.3192577132822607
1.201976072415071
1.7198655193012324
1.6357106366203993
-0.6077982294977735
-0.04543626934971248
-0.23981631122112992
0.5271830852050102
0.04402927996687803
-0.45022781890204977
0.09210498395170448
-0.20810349100637693
0.06676218309376208
-0.18949308688947616
0.5279216814303755
0.22064170622727938
-0.07190651603081923
-0.27282776929147673
-0.4200829655391056
0.14695821692125263
-0.18878484192185974
0.15519337485080517
0.2813914894474908
0.19558445546719236
0.01708627128042071
0.26784846059373096
0.18927515784030918
-0.1815965826608965
-0.4482576926787522
0.08980389582355595
0.2863297045100418
-0.3839773684146429
-0.33977242831541604
-0.2686431929886188
-0.4902762828748992
0.21605720413228355
-0.3139997833325804
0.34149919913916477
-0.20594603269753164
-0.34767178009065075
-0.3171272764236385
-0.05219520683426594
0.23978736966301203
-0.018271405629908682
-0.034976762103287234
0.16173328570225173
-0.17849570662090664
-0.1208788664839857
0.8302222746660078
0.20298522049859855
-0.6630158859123174
0.5270959119315741
0.0017855134371558723
-0.715022741805049
-0.39855500845853703
0.018967542977341077
0.4573952508451164
0.04443893688811914
-0.23508202003466386
-0.3918501411482533
-0.47827823874075986
0.0030873186193394603
-0.3820765128027366
-0.08308262581055238
0.2562843276276117
-0.23561965486961334
-0.2151506336814766
-0.20458278805377492
0.61605572237475
-0.10673157237873608
-0.4269536769363017
0.3781025261466643
0.5027657734504997
0.044024369258554845
0.3097146499134902
-0.07440233892075376
0.2166540278208555
-0.1915532751036553
-0.14384153757908325
-0.22524145217230787
0.33538744489534594
0.2612365315330726
-0.20806146184443355
-0.09599771729782487
0.18464696223979318
-0.2569925597084216
0.19303688866385352
-0.4535065471596831
0.04501015726560674
-0.1227033908979219
0.35586694814975656
-0.18920940450415
-0.13727640218165185
0.0898187404434057
-0.042937204463054886
0.2741893579376141
-0.363468285089064
0.3710153054602456
-0.1491866108531129
0.0857262557577581
-0.40420686147082496
0.49428562096742323
-0.16997214918525907
-0.4343111156959513
0.4259176101693968
-0.08118178130774407
-0.08521897816068978
-0.14045514560518227
-0.23035285144921136
0.22154974321356247
0.29034006584932964
0.27718314364201446
0.20916766913111454
0.24075692635766793
-0.09204085100346075
-0.32597674285866746
0.12561129587698663
-0.21645485557855657
-0.33267587166479895
-0.3870503573686536
0.1260618440462733
0.30963590205925184
0.43214867472634505
0.17407314992503017
-0.03506755391524771
0.03819239712670703
-0.18967423527963104
-0.7377058497302158
-0.34241815523467095
-0.44810004909307005
0.19521521534003158
-0.6246110407307321
-0.3080106844134179
0.23799658829279205
0.25473183022286244
-0.08218061474324496
0.29733325533711413
-0.30098254779601025
-0.008631288460699892
0.3232878900854663
0.5010874587717945
-0.04370294033916212
0.04050422243697068
-0.2578242440287325
-0.2706637143144698
-0.22531640350447196
0.05551216472748372
0.35391617267934866
-0.6373650223978936
0.35881588108772716
-0.04274783628675806
-0.11325417036072638
0.7750818655351751
0.008355173284459788
0.11751716359362757
-0.04976922706587222
0.3383565625778838
0.03245250133849114
0.24701611542529783
-0.16287317027012368
-0.032007288627745066
-0.31184614913714
-0.07034860465637689
0.14585044007260242
-0.5312942921250121
0.16650420587223422
-0.04325815374528491
0.4121800049037878
0.07611474337552292
0.19770714168561423
0.14044057940254132
-0.014581840712518819
-0.413302546209581
0.0683063329488545
-0.009618244811587098
0.14757584479149438
-0.6985809363919477
-0.13831106644662763
0.1643069088291196
0.2911448618689151
-0.23944570991154457
0.3358932118593098
-0.14937273135496976
-0.06384280978188596
0.04376397605818317
0.0012998829259383952
0.35013220698040204
-0.16170853305763405
0.5992424974855602
-0.1948280178119842
0.12341591326966643
0.11769949239524959
0.19880579418952285
-0.37037226372882986
-0.04994895357582121
-0.33758077089556343
0.16836222618012772
0.23505216571773635
0.4581238052277329
-0.2063217379680457
-0.6586925925098304
0.4149717480137243
-0.07405331035506547
-0.2895113861460117
0.1973023415999039
-0.31208772772679466
-0.09745469437303692
-0.03670609066299952
-0.4204213015254484
0.08810966290496251
-0.0052466871203948415
-0.2303576202962833
-0.24906803743068653
0.08643545606517636
0.054636257685051606
-0.17908139629005068
0.06609234610633567
0.6902198397873769
0.14417387906955198
0.08520627753628958
-0.39275679961477933
-0.11055089897968211
-0.3395560956624398
-0.1721022835387154
-0.06551622295991597
0.03960536060275837
0.13418354108697228
0.025405268850173066
0.3826524859440937
0.13045110813028057
0.05652479234731795
0.014894631204439375
0.39928319775637827
0.07603750718461644
-0.3416178544218368
-0.06043259412100721
-0.13108429882920228
-0.4160638165912596
-0.22360287432593448
-0.33693382828886503
-0.20906523122220236
0.509078535926256
-0.3134546699253983
0.4212674337252337
-0.28127201916655725
-0.07425787825355111
0.06798889676578844
0.5176225347485245
-0.0842584912883815
0.25278211874266115
0.10412086467592364
-0.09651248091324863
-0.46975103352363934
-0.5548709061497555
-0.7000075381726755
0.40288237598128984
0.5933080021476311
0.21023259849267154
0.27180857650832513
0.007885576257742378
-0.49612132540557413
0.03839582713570539
-0.04645447389256165
0.40136121783883366
-0.05522049227752883
0.04869445007627702
0.2635623060815622
-0.14211360838066317
-0.21421778170977065
0.5712504242438311
-0.0878326144679058
0.3035653945362738
-0.12181812704818612
0.3149602146011742
-0.47724856934028426
0.2984103376898303
0.09137335808851475
0.4310862592451076
-0.17255420218445602
0.11471429830569677
-0.029138918915106393
0.24631763908314208
0.1422177620829963
-0.12837304944546007
0.015648121667745176
0.5649174123769578
0.2389123943670999
0.15195559149652518
0.1289077972639643
-0.16129578700601607
-0.3220540241201168
-0.47268596983109146
0.14057582829981763
0.22850380334777146
-0.4794809684500892
-0.008674051280464576
0.2998266197743606
-0.076130630196479
0.11487330967374267
0.37793897846630925
0.013725688470808267
-0.4075749757886528
-0.26203801929284276
0.19393055065888914
0.15054083410985208
-0.005226205936807399
-0.4685815126017443
-0.03802237926598128
-0.5522772333141451
0.0483491005434997
-0.48721859386671573
-0.5312467518473338
0.09617033540315688
-0.32212132671293225
-0.1884850319517453
-0.25691389919999325
0.16931982876095245
0.5697808555442052
-0.42494408317251314
0.3626246949575233
0.0587584911518468
-0.4614872032456928
-0.5021802012225334
0.2708334434274146
-0.23458046868278845
0.33374731550078424
0.28409553344489474
0.06329704313603055
0.10562503660860413
-0.19760475722017318
-0.1370306572413179
0.2501123642411751
-0.35309550808841866
0.2987528397110672
-0.7552946943185944
-0.15653023875768754
0.422803673483644
-0.1780734561335685
-0.13567751547864118
0.11998914870047378
-0.031180391059293266
0.2923122011723615
-0.1019873861157016
0.06250650617729803
-0.028922198034747916
-0.0864493748425709
0.4272040617887109
-0.18135072725867635
-0.24508005897653887
-0.09629443859755069
0.11844858411102652
0.021703984869919573
-0.03378096933819261
-0.06580265790941946
-0.023602202229330075
-0.051971010120838546
-0.4224574653611258
0.22879993600516393
0.5600802362183337
-0.09080213389726374
-0.1733619823463707
0.02983552872431751
-0.45726405657954244
-0.16133816200762438
0.7226090949910556
-0.018219469342645084
-0.2963519654686878
-0.009908092785548418
-0.30165154948809186
-0.00892220612015808
0.32417447519005055
0.0029545190713350113
0.40555932135008976
0.11671880250304421
-0.013670985342652259
0.48585179673888224
-0.35777668790414685
-0.2712199428706345
0.10947481298075185
-0.29527518942673936
-0.05399023705768917
0.05446751854506359
0.08136715950429853
-0.34075290947958564
-0.2554507505128769
0.09163101923542077
-0.5330144163632783
-0.10394154503048823
0.05349635590853704
0.3930127361060568
0.002189750952404985
0.15803400830038347
0.1464908880518315
-0.06392666329560083
-0.26406220035993794
-0.010822128009073239
0.4174970946062685
-0.4494444047515029
0.07798122119378147
-0.33978450197856075
-0.22735253550555518
0.40419376853241296
-0.13531417373440144
-0.3921133391219573
0.5142173611517855
0.15008718373517696
-0.63305718604767
-0.08111085170048128
0.24063969358593415
-0.17439827414794667
0.0010477919042518294
-0.1619632821344313
-0.4106265164184755
0.29985153758074734
0.016510661448991115
0.0360474963162074
-0.035442235297511164
-0.05345756900715037
-0.004328774360880713
0.3623776133825616
0.38652197095540247
-0.13562022409375382
-0.17519714240276504
0.2342460486571462
0.14861168994211155
-0.28414483726994605
-0.017957754940648028
-0.381783329028488
-0.6563764385190872
-0.1978832658642322
-0.3968894840897392
0.11805178309089502
0.30080207255212754
0.5934932885787912
-0.020640204822006004
-0.32003123618202745
0.02646184845143882
0.07437368613918063
0.29309835143475726
-0.1973795564450967
-0.690605906792429
0.3898963839978193
0.16405843519255925
-0.22120559125840936
0.05158986295107242
-0.22892887201556728
0.2109077857149488
0.1352763978204154
0.43262309600282506
0.0957918652937249
0.13964625674253667
-0.045931116155824646
0.37817092651847967
0.300039051248103
0.09030987694874512
-0.40951034983668655
0.17897229589613659
-0.1359449815288104
0.2360780460699219
0.06693423958497563
-0.02633676941648565
-0.1957997340798253
0.014674206016724627
-0.15955757402056903
-0.1791588337743391
0.1747939825572272
-0.22527535606788177
0.2698472399663227
0.7063525282607689
0.18695842667218024
-0.2403729386534218
-0.06067618300865328
0.3696256470659912
-0.051105417145926445
-0.0346750965309935
-0.0348543179989239
0.056047720229767485
0.9147460099254119
0.12350276989779811
0.0024891536333052264
-0.18700424703498914
-0.13791395319443128
-0.018076862221341545
-0.07983159516633141
-0.3707693768281434
0.18674656902253978
0.2706813231433744
0.3037353762005768
0.11281336453667248
0.025207160771627067
0.28416708478616864
0.2066888836833057
-0.2401441158897237
0.2933730571289979
-0.37938571818870626
0.09278453504819097
0.1787571175374149
0.09301585157498261
0.31460042084677875
-0.48860207490707375
-0.5168456412509295
0.08041047717517899
-0.11925582131954723
-0.3615560590463988
0.09330004096763551
-0.02136349093125633
-0.5156824442884669
-0.12074233987231911
0.11394000757591807
0.12639696892990818
0.2804379041417026
0.4811562212245717
0.08295885699378731
-0.34409462489028625
-0.06825047757885153
0.18056556886588607
0.36308608205532583
0.3731423361981165
0.12798290989633046
0.1554297025570435
-0.32203712130284623
-0.12842418260621086
0.3011604679394398
0.013898490413066702
0.02432810118131964
0.07646823585089552
0.5934403185486423
-0.25619474864257136
-0.06412585369541157
0.25767943917965
-0.33529516990564295
0.09062265327063466
0.5645568316690575
0.07738965132577749
0.26464674413363926
0.3542333342047222
-0.11984028696267002
0.36634184175243545
-0.05454095988943208
0.08288056681132647
-0.3585952199845688
0.17472388152063148
-0.06826213125009274
-0.15147685582621465
-0.019799288003399168
-0.3801194378433232
-0.21103761769374355
-0.03350502683069699
-0.14436401863430792
-0.30906949205676765
0.01961103083659907
-0.8417872449092839
-0.23057662856748948
0.2963042212783725
-0.14297069289854655
0.13526815032280712
-0.11590469755543707
0.16702239781559977
-0.2299573157640375
0.2729567480572937
-0.04734671921197602
0.023397428623500985
0.3574033976959761
0.04992044207424942
0.0736607355386541
-0.043462689046554946
-0.20807468926109352
0.23445963267538505
0.37306663218516717
-0.005689894615436308
0.16086514380213962
0.2466292544735901
-0.14676116050973828
0.3268911928740929
0.05839554605732636
0.02569948484968425
0.24298599795455605
-0.02335174753504464
-0.25932381689470546
-0.0820929414313846
-0.2011957661777964
0.04681916874162231
0.11252011883031234
0.22178657380202035
-0.35476877547022057
0.3223631901363693
0.08374513538088986
0.3429730945775253
0.4261467666175329
-0.01947746250944442
-0.4974170191151486
-0.1354849455597455
-0.12913256276700597
0.214250453334145
-0.015008756500007929
-0.04957927803290668
0.19427094568768508
-0.28566393821047825
-0.13093769487994983
-0.4083928411789671
0.07602482800648068
0.5968880140779456
0.07002612545126811
0.005380308383153444
-0.03652735300607266
0.1821702504292203
0.08851624843622344
0.01719231229136817
-0.5027087810858556
0.4612333565263533
0.6011913586747124
-0.08303645178021064
0.009245977566563974
-0.0550783228400219
0.14243427845067072
-0.12970683400592026
-0.043739458955341225
0.2588365761144939
-0.12209772191152686
0.2538429659373616
0.0455766816755827
0.2064315424966282
0.48986158439838473
-0.5203979483243102
-0.06065238583959977
0.24541748609809855
-0.04074699400125123
-0.07616767872388899
-0.3191750173787205
0.3884442881916503
-0.12396753260411646
-0.4691407808677488
-0.18397437581730522
0.23814775555297385
-0.09486115784174277
-0.11399110727273398
0.27466125820718856
-0.3056293055096027
-0.10363404064168069
0.19439401157176944
-0.2565373613653737
0.3351481126281614
-0.13064023407263906
0.09373103828789518
0.3128621266712415
-0.0837314714551036
-0.07097395020336317
0.0667189013961774
-0.14264500668586708
-0.07780346407071986
0.1210964790047743
0.15721817041520353
-0.1200853093092844
0.16510050220444597
-0.5173614489755964
-0.04978799201007061
0.203997742656241
0.017858778362128597
0.3696618151446032
0.17308009623082093
0.04845153637217112
0.34732323151273786
0.4129225775480123
0.6214968088676881
0.278311532134609
0.1651934466473551
-0.08755847241256833
-0.23532655903269076
-0.06714785322636736
-0.4579325281389375
0.2813291107570617
-0.14814595605746633
-0.23397344340994708
-0.05128042536450277
0.3630250898305198
0.2601093830431749
-0.44936859893320913
-0.1761324162133034
-0.0020348729726949164
-0.26576944233356165
-0.31396989446106427
-0.2205129573581385
0.6151795313163232
-0.33417914974567975
0.06648307468327563
0.21084085823040213
-0.264272518212937
-0.08664318509586398
-0.23403162052699417
0.011022644731154344
0.42237032096518345
0.06909143525307071
0.38867903290878963
-0.007001422624037014
0.06193506728615662
0.3988697671107499
-0.028808301931740308
-0.11131546433785211
0.2715182012478736
-0.14267863323497104
0.23031149768507422
-0.6844441975076496
-0.0702719607035743
-0.3334994257352315
-0.17468033773808203
0.6650082992248704
-0.700274271003945
0.23968564980983317
0.05464467397752971
0.31067780868039335
-0.3139601300990443
-0.03886183756541243
-0.2069908311140014
-0.07769122541640207
-0.12473768591784722
-0.2333107894576955
-0.3796573900936468
-0.9806427462414958
0.1447630804993511
0.0022627831040399264
-0.12706524209906542
-0.15001358086693997
-0.18854341237862957
0.6080214274644746
0.3006069287801785
0.06793441312984623
0.2471321505935038
-0.09504970241199286
0.5710594093258408
-0.10191842767971096
0.13011125922219832
-0.4068273751149664
0.14872272991095042
-0.34275405668257725
-0.46244906681156617
0.231296816550636
-0.6003109588672307
0.0349110600697687
0.17277591447222104
-0.17473947277953777
0.08484165167131497
-0.20436513031102257
0.3197674070582392
0.3732428664479082
-0.2489543250159748
0.16269781827884114
0.4934804705538001
0.19725125715158412
-0.3435157433146386
0.13476954099070718
0.40079038405262346
-0.2706365305894152
-0.24687463643078195
-0.229333235659041
0.6577645896021175
-0.5050896296271412
-0.2158008411546297
0.4287622780177522
-0.17513949998909237
-0.3029565658934393
-0.21964853280369243
-0.43293784430580334
0.18874493976660903
-0.4530350490064329
-0.40640117812134136
0.27043243775541326
0.16518583290848793
-0.34254930899749403
-0.29051754809864677
0.13292741876003758
-0.19654608819008768
0.23966398386323387
-0.07036063008241418
0.33196330007269953
-0.01209672066466605
0.266205922096427
0.753857870794189
0.03940743062524641
-0.12810733235477695
-0.23753409568239733
0.026330700423970097
0.47252210653324334
-0.2765653279253478
-0.01947477363844099
0.4122485906110989
0.05014455487397698
0.06438089174579519
-0.13105514425255405
0.310128210582654
0.3105749850445487
-0.17198568188295674
-0.2145924891762678
-0.12408847010164553
0.017455163059821276
-0.005415691335297738
-0.2716741874725648
0.15790678148776702
-0.057093031082563736
-0.18361620352035204
-0.3341411372936961
0.15668247118563486
-0.15236574616991738
-0.14524220658216808
-0.26630363767906506
-0.2500524444296698
-0.03177032121342982
-0.14957375999785305
-0.044572947595831365
0.09372831960238523
0.3694919957346899
-0.1281420821749434
0.035933222041539696
-0.06911789779090803
-0.0511686094665036
-0.4198497038147367
-0.5512277781435402
-0.8739711620882534
0.2547166093198522
-0.2738414778915773
0.0032903966235744786
0.2567008718956082
-0.3937314019742297
-0.6360251326137164
0.022702079633026576
0.3051466110766838
0.34197520865112757
0.39094594518035924
0.3195544560893054
-0.1565184160735271
-0.15414886060210448
0.4546271172072734
0.21167185940436364
0.17019305783948452
0.006601383669920858
0.33447326070383354
0.08237441386491062
-0.11352972404540176
-0.07508498414129718
0.03903354047186031
0.20183249680101706
0.1643929169446082
0.12110002230801246
0.3298343919246878
0.17150463344296796
0.0915600727830744
-0.10419724361908611
0.03273278364672288
0.07429099667796846
-0.6022910067702947
0.21285676897650802
0.13221196870816676
-0.20421572933650253
0.2069669200830047
0.08681744209246206
0.13425699553965173
0.22876470114970543
-0.4558933421999653
0.13280663235435755
0.10680157884382807
-0.25980830348741746
-0.5668938646750883
0.17037058300037355
0.36973492411601444
0.5079052598095825
-0.26091143373099174
-0.1508958009655454
0.32005641274172414
0.028388046421439272
-0.08418636255973948
-0.280083959540482
-0.35672637502244053
0.140202377171804
-0.2727536548464492
-0.11341180166545045
-0.03889159777202419
0.31556555830260785
0.2558545159460894
-0.40157401568177603
-0.4781920565319384
0.11047155302435101
0.14806152547554893
0.06129863296440586
0.17544451012749188
0.3615727831821742
-0.06215962183969978
-0.1331152981840808
-0.09270796318731982
-0.29006269763929915
-0.13860415111360808
0.024705025555883643
-0.115487574057526
-0.26852206717515087
-0.36090994769527324
0.1352429199176665
0.092094098668443
0.17350032051850003
0.3182978044309038
0.40067885723344115
-0.22685932922351723
-0.22647384054408493
0.461774419228401
-0.22856467348383383
-0.5723148387723378
0.24021426822355596
-0.18782628541569937
-0.05841009419766623
0.2796836588428567
-0.09146978748699164
0.2996937548753027
0.6153845262165265
-0.27118098558053205
-0.11193066351646365
0.29394711098626874
0.34823858280127523
-0.26599386153614024
0.31935415417984553
-0.1089614326866111
0.3813017030784709
0.30246934707248574
0.5952838938931685
0.04284012977369015
-0.14997402967243692
0.4188047848560863
0.19418786642132427
-0.27490885998489845
0.06298337999039483
-0.6603216695276889
0.33117126199370767
0.2545336587431906
-0.13129922454198836
-0.08396813095261343
-0.11864763275373139
0.4119733593851951
0.21951132145948862
0.27822770001710867
-0.026540758605353088
0.09800648923503313
-0.5711028854990229
0.09359866633689325
0.5037803290171401
-0.0438511022208888
0.5612124375535129
-0.28414094367213827
0.4501508641607291
-0.1526267528505051
-0.1883122125318916
-0.21087781545065584
-0.11848114432036831
-0.022451353617231117
0.3639664248813496
0.6392195989046541
-0.3086968631457438
-0.31394312269298796
0.2332928793118379
-0.17482958068121607
-0.3376099900528947
-0.2232785819887895
0.17979569202056064
-0.23547685762781811
-0.5843779129581429
-0.26133004274574967
0.22423727117233402
-0.1662992511142498
0.410347820913305
0.29166908827414884
0.05015097594557836
0.018048062632390525
0.10386398931601715
0.1878115510217972
0.30389661660942463
-0.15669202538054286
0.005254763171505714
0.3965926474540767
-0.7625633748948898
-0.15549204087581955
-0.34707062249875925
0.13674442170426784
0.17275512103915242
0.5051092898012136
-0.263606700001914
0.09341798270649583
0.5532299383272355
-0.49059469296062097
-0.27957699527552454
0.17721264807952625
0.00715516478172953
-0.03442102268025422
0.4737176137036615
0.09799901427294516
0.557154239313497
0.449735758363393
0.1668339599070555
-0.20943939454148883
0.18488319926745403
-0.17100737996242166
0.12187685191120814
0.334938689912145
0.13629461607810434
-0.7051478278012483
0.1472996453405501
0.04875176301646829
0.22715074252634748
-0.17235476097673852
-0.054661427244583054
-0.11934589520105111
-0.08540110894502954
-0.508808702809763
0.45536709362403455
0.3873608108267445
0.38189737024042897
0.45492871430317905
0.2893112524821718
-0.07808309932946832
0.20162244085679373
0.4814237608397889
0.02024759126374244
0.14100161600619232
-0.10618516535637396
0.18362338315896942
-0.320020965527293
0.06584439822407923
0.5991202623370491
0.5533488348231739
0.39418405280150476
0.010330175517454371
-0.15394616411866452
-0.2462060504754288
-0.0912039567660465
-0.4117419179737898
0.21025661659689426
-0.2105890561857117
-0.11841356501190922
-0.16057561581204832
0.07622783760975285
0.41045217280576485
-0.3765882824745694
0.21612433352475208
-0.5178396456706752
-0.2687194987108112
0.05626447069075623
0.5095769210150433
-0.5270369394611698
-0.07064036003015048
0.15614452488496502
-0.08878910769835116
0.2016448839587998
-0.4315114772170022
-0.323458704370279
0.055331337849183725
0.21284155001533753
0.28152216111116696
0.09793986650827131
-0.002437819025985786
0.00631359993306014
0.2576076495158103
0.2854126825883736
0.40481044634876073
0.4556702447100766
0.5450525466127623
0.1458270716589076
0.15991279592686922
0.38328152715563524
0.22660465594772072
0.18099595958237807
0.3294381929392406
0.4873047402545885
-0.5811966228850378
0.2314861825199947
-0.06141106488871185
-0.23739605050800466
-0.5503400976776445
0.5781499599270002
-0.5408507169641907
0.5105738696936178
-0.40757793350945576
0.029996292045643226
0.0350462916785828
-0.24421802034334614
-0.1292264136176578
0.32743253165458674
-0.02581179358942239
0.13477260092206328
-0.01218144983830473
-0.5530850883118523
0.029412869733461966
0.10156906042284276
-0.011777090005455954
-0.2595995786078557
-0.028748305452405972
-0.004742849697116084
-0.463245521976881
0.1288401266347617
0.3459093291703871
-0.1383895729050902
-0.14914807769643726
0.4685525758466782
0.5095065577691864
0.5516954433399112
0.09185358139382323
0.04242734024611106
0.4009893783710767
0.542697198460148
-0.012393106095574894
0.05353130945071424
0.07261025738559207
-0.1567787541955333
0.1762027965666844
0.7819155653932062
0.1654257330279606
-0.27881701797754305
-0.3112727713222045
-0.1473159055548292
0.05366528990578429
0.46409971538414907
0.178971366440053
-0.3691414182558803
-0.009274328120938804
0.149419140582589
0.5059714330070845
-0.4330646783968066
0.5140406034715893
0.09319432687649751
-0.39725924964874965
-0.36849249965615977
0.20937526605491516
-0.1297598220663216
0.3554301451824988
-0.5690308359009911
-0.16662481901978365
0.19917553321384399
0.41313039489947806
-0.036399075419136825
0.28843803281674685
-0.1014236579672021
0.12217251257924014
-0.6471360630028385
0.34590487068923653
-0.19406324716238346
0.005899179001889573
0.349760026506495
0.1462132894486143
-0.11721740965809571
-0.06455635385256821
0.02123473674983513
0.11467861764455003
0.05960133973358861
-0.534577613601269
-0.7247816665033568
-0.2028206882856057
-0.2682123310560616
0.33794202614091773
0.14613411498083348
-0.1264824293557435
-0.11566857386075005
0.06619985755110047
0.22483660080505835
0.5919309254618942
0.43732904280447615
-0.5018051540357226
0.5055721197547055
0.2564838787175764
0.7500804361641377
0.4560072305069265
0.19283378965718137
0.15246142513923627
-0.6096838684616767
0.6005047547321366
0.08195908049602253
-0.2152970876019402
-0.6298582485058294
0.022497023246989493
-0.23535594433619939
-0.3272527718110244
-0.01525007432536464
0.04149069361672129
0.1487257725426869
-0.11377706759187385
0.1562718293498067
0.15348821812058988
0.18765563823026135
0.08185265398945527
0.15543976622016387
-0.19964030144454079
0.2957013642126407
-0.1565482979853827
0.20247341199220112
-0.018813386963704104
0.09581998725581198
0.3280122452960023
-0.3082376031130813
-0.08079481806036286
-0.07355796016419662
0.09832087731684155
0.10385181052332333
0.23330973264228688
-0.14664942173492215
-0.12628245225960463
0.2335487481823595
-0.1128032182249875
0.02088956472023016
-0.2022374263322068
-0.25398267222773524
-0.5022949337730083
0.08975211467221614
-0.1921775868538633
0.36269687188209626
-0.19668049451360917
0.6279241991627125
0.16110077703992967
-0.3174238030741689
0.01944068504799644
-0.1960406640367806
0.1454285198857275
0.17115432620839707
-0.292366933752267
-0.10425389806875825
-0.0922536104525077
0.09430434303390124
0.045016035769188494
-0.5873912359053661
-0.03033175791083997
-0.31509875480482913
0.1959146739375836
0.28822611448610735
0.06906358559045711
0.043458159470586004
0.17865434432955293
-0.300569562889304
-0.04923179135039323
0.0061533942287665885
-0.12982350060548722
0.4496586203627505
0.4345061079869415
0.21399630941479433
-0.24778424391534687
0.42761604479782206
-0.04088633099216233
-0.16095094468608576
0.27741011555156075
0.07333098227284857
-0.11085474806138793
0.07430152974556048
0.11181757372383694
-0.10103568920673528
-0.314013002178413
0.29704637842630366
-0.10347077170470971
-0.11835001259344168
-0.29878559171375907
-0.17374240321277976
0.030952293114978126
-0.33111494327830204
-0.3603818925370757
0.4302205809141346
0.1622123551675789
-0.13970512624692347
0.1267664726965644
0.5891590551553199
0.2665006901750553
-0.35812531359414884
0.10892771517469851
0.0657539080582093
-0.02238387130842714
-0.3449125959728287
-0.28628533166287995
-0.07724638386838857
0.35973020114311277
0.6394292677232031
-0.23159962175995139
0.6463317526369818
0.20925075383097688
-0.10684170807110292
0.2482566525319661
0.536054254207576
0.2336140421855796
-0.28713474397814215
-0.17146394756708308
0.06929541289698556
-0.08871704403132755
0.2671121322988457
0.4519315048178053
0.31605921546574506
0.08742140502892053
-0.14080263842556298
-0.39429776313332926
-0.15447944854540469
-0.0701050874098202
0.08258379354262091
0.11765349243036596
0.5592743269352489
0.5980042030653825
0.291183890819311
0.5139071555842237
-0.1286984783994159
-0.08306566840708066
0.4888906112578528
0.11524473851709535
0.3653411453876507
-0.12554439031596393
0.17445637531212316
-0.08820269762546355
-0.07313380055227688
0.1356606491549941
0.1476512038798912
0.10731794247367425
0.14267671029409193
-0.09965579167228263
-0.18568820392682286
-0.2680858775662027
0.02233413524411579
-0.20597780045569747
-0.5058958935189396
-0.5224051506827744
0.1885985063742212
0.28302690244714207
-0.1287167355523513
-0.1934430419398346
-0.03097272771157729
-0.24062375389543147
-0.03222648183173122
0.18597800798576145
-0.3427626165704464
0.39041609054196486
-0.22292375798262848
-0.49441993091864817
0.12377834444466854
0.4378481486013741
0.07006675964547304
0.21052917956277883
-0.08005518560262691
-0.19269296418779377
0.4814928146617049
0.42722567514430454
0.31203338620150467
-0.35137331624724655
-0.04083532562910957
0.11858255102987422
-0.06954397983171953
0.24029004328783132
0.09270609900495287
0.17386529531463824
0.06932207337085244
-0.41838475128602637
-0.2986655696144095
0.2516291910092587
-0.20997332517879067
-0.11112637536965099
0.10185034351907875
-0.2044791806940235
-0.01097269941500998
-0.23377102527450294
0.010432296393138406
-0.5093695261054982
0.30937548837062734
-0.16139048506166087
-0.12440974086098124
0.0794599455173899
0.503264143539972
0.1779811090986047
-0.23920461670280047
-0.18526615102808366
-0.35218878433176615
0.15656055457410725
-0.2683591117806664
-0.22503035072418393
0.2244444174931526
0.26577770974229525
-0.023516407140894934
-0.2196404760111015
0.006777157922372019
-0.3197277303893299
0.06227943080549732
0.06571066244030663
0.3452142256530135
0.17852383919043102
0.11614449855101083
-0.010103312044286123
-0.2910918286567588
0.24897224613805077
-0.16726915062832326
0.04870905822635992
0.2224229825536515
0.2822969216617945
0.09038950958896763
0.1318430268239173
0.5197051818672489
0.17242520941380096
0.10322513812454674
0.07126596511975206
0.1714413125365254
0.04110647715206127
-0.11140024402675074
0.014110930803862793
0.07850376084522852
0.33722496364096416
0.10400355564679932
0.4146702298293973
-0.08034048186289894
-0.2226693552761215
-0.20000092407879197
-0.24059385942013145
0.669209702909076
-0.18581081675883357
-0.09570950312456222
0.02342911911250167
0.23421537716249471
0.23623970296119193
0.20193198257739345
0.3118694953281662
0.10734691437390138
-0.26857445851083217
-0.33559598156148784
0.25206651444983336
0.19579726884832432
0.3465148750441134
-0.03137401575329019
-0.0069041922946355425
-0.31306249895632854
0.17217165655497904
0.11562169378927686
-0.05386732872243931
-0.38625122479323704
-0.03610809826845636
0.06786187821940176
-0.13181104266769178
0.3638785878474668
-0.5028729757679903
0.04492151839516324
-0.010775722214079218
0.23719073165438173
0.10395174861406477
0.06747513183315393
-0.0006093543347309501
-0.4449220334669236
-0.08305147686686759
-0.4279942372702804
0.3763702487765274
0.15878735722414591
-0.12578192216129158
0.05259178379203418
0.4196559779487471
0.16355923428400765
-0.34643919706327847
-0.14226697310587352
-0.18923607775333226
-0.0011543062542208919
0.18570411277569043
-0.13840120505541775
-0.1184632687450185
-0.03265494432223157
-0.07624489832032075
-0.2111059184698996
0.1677371773337416
0.21899924374613397
-0.09716546062828219
-0.07519982072809249
0.3813506757794082
0.15073683504128046
-0.1692063490419939
0.4068859889419544
0.29119244726652593
-0.2111734134624819
0.15017982384868378
-0.4365010196762741
-0.2777078154693329
0.02730078397847636
-0.13367094274354333
-0.3846891236595913
0.6276960247247853
-0.3239728263468436
0.19635597426295262
0.12648925640523895
0.38767507335398715
0.6696504257077638
-0.3904948783492308
-0.4224054669464919
0.2594978910840218
-0.2370209720451664
-0.25651451691364124
0.2791191829875248
-0.20767835743654564
0.09404882030508678
-0.03765032244415241
0.07800286071798103
0.02482171900201083
-0.7554431736167984
0.1302254098360047
0.06929934950388437
-0.24525620943684495
0.23504485119090918
-0.28830427949060994
-0.03613051754055925
0.04882544222719731
-0.0727169990319583
-0.23260464850332996
-0.39557960660876834
0.15694176748976701
0.3917635723507848
-0.5964811616752949
0.09469965921703495
-0.33940427446121835
-0.06790516720142353
0.12809007256366106
-0.16957471564743964
-0.033402652235182365
0.19012576549445342
0.0350007076154651
-0.3615280234706445
-0.42006459565403687
-0.08488552215001835
-0.23150582396339878
-0.29257413753140976
-0.4214039041653682
0.0569886496902462
-0.4335725053948794
-0.024025734136389112
0.3078347264677771
-0.21822928893700874
0.13167292547011686
-0.13675915566616412
0.1343536765152661
-0.2479053037372988
0.4394295228584685
-0.3821946591463536
-0.35756894777094567
0.0015209350233372195
-0.14991201565678422
-0.13923192399659876
0.5043794881499283
-0.17940725640004776
0.33141733635980897
0.01332394013610042
0.08245114232603445
0.21339252636313963
0.1739550046415713
-0.7814409008609892
-0.006727384562752228
0.10395348955962368
0.07084233230645401
0.11374898124706409
0.2487099698009994
0.20196841586871508
-0.320837816644352
-0.004611759724974565
-0.062436727557578904
0.463774603195528
0.0598676626060265
0.11051307231150771
-0.4736004084409188
0.025815036156348253
0.015676362536933174
-0.37490907414181535
-0.38730893927899035
-0.3420992620399665
-0.18290615707229688
-0.1500163170982784
0.3999857011376697
0.09174662820731944
0.13797621956083908
-0.15489213949406644
-0.4498453988941356
-0.04225796862979372
0.07840427662957208
0.6233870920787371
0.1915943208669194
0.4998748949146884
0.3288639036625314
0.04824170497913008
-0.0012934307809964148
0.035979980730907864
-0.2563235600654579
-0.14204925123523682
0.2909051258134668
0.4919195816636102
-0.30168800766897497
0.14018829106966882
0.04976388130031436
0.12114439106542997
-0.18060916829908938
-0.10800318535733408
-0.1937030150136589
0.016140787016227696
0.26226198928724187
-0.40934986981926813
0.014441883896296205
-0.010031170027836163
-0.08102120569344011
-0.15533102435887255
-0.2224630843557774
-0.1497602753028438
-0.22325796592133543
0.15562279461379855
0.14447923561035303
-0.1886307844144302
0.19666568110440297
-0.1373842633758369
-0.09315460934525463
0.352487681904809
-0.1492173084860895
0.0509131044797491
0.4396310392105796
0.22838912241652723
0.4497590715435888
-0.5647153544426076
-0.1366565396602551
0.4750397574988408
-0.0405411974342258
-0.1199485510622828
-0.37015359124876285
-0.23501302790682896
-0.2939598006744629
0.14174973165864294
-0.6001976023507273
-0.47213746363984505
-0.32279499446125287
0.6531903048673142
0.04969954798335106
0.2436606920552592
-0.03196980650390007
0.5118629822706542
0.24801238328458128
-0.15964634172018866
-0.4548093786560447
-0.27911760788681544
-0.16717131243745778
-0.009596293800744228
-0.17500471005590798
0.3055071326765135
0.6961500589395492
0.43802033267509904
-0.08614128205357426
-0.08042167294387056
-0.5127309822751143
0.4153937577647426
0.2531180041959105
-0.31599646419667976
0.13622362174436745
-0.1088949332458594
-0.1701627336171049
-0.2973191652482435
-0.2125528629064795
-0.47985882454898576
0.033127895278641614
-0.3845128353563698
0.370839203886154
-0.38332169852809284
-0.2604451849706375
-0.14513546479553543
-0.169358240040808
-0.2053402677369911
0.37395828031578027
-0.19524143708369832
0.12845637854163094
-0.3102958131746334
0.16161570583981097
-0.3448499894320281
-0.6675591753198152
0.10115352349709965
0.09782576631675909
-0.3595369515258019
0.10210089080905047
0.34977721566423964
-0.2490572447443904
-0.041636426035441494
-0.04713818924866207
-0.11852627838683302
-0.4782488869780387
0.8097267994917614
0.1367297054174739
-0.1511536757141389
-0.021187163287241538
0.28320194223937933
-0.31337462564277824
-0.0467979426406421
-0.3603344772066126
-0.0767838303764402
0.32605110939874293
0.011162495051130376
0.05573524397505021
0.11094461397414322
-0.35185080735317037
-0.1568733159445366
0.048618146058977664
-0.14025702426063535
-0.006357759081089603
0.29465957273862375
0.2776114721023821
-0.3706629102822677
0.13498594530229086
-0.05394163994781084
-0.1640707241150267
0.13976446486292768
-0.3913433831665105
0.24219511106614683
-0.20961826931819932
-0.48648277404172646
0.08386925491375892
-0.3074096687203146
0.4096669324239748
-0.17499568745227795
0.16008376804717486
0.18551270386191973
0.2290488011131993
-0.23942614347484217
-0.17423942198414455
0.10819196713941154
-0.26097363542796026
-0.10395005667181405
0.0005232521001854434
0.4170081577401948
0.008629219443003452
-0.19106461470219788
-0.19008974273805662
-0.11899150665081415
0.17894926823196092
-0.3560863127494791
-0.11078647288838818
-0.5081386182428819
-0.3302846038161546
0.03302522422535342
-0.28999877292720466
0.21703752096550635
0.5461507763243953
-0.4266524466863592
0.06100385204902401
-0.003900395695453621
0.4231933447746979
-0.04259184875058178
-0.07108960821210097
-0.11341293461669381
0.0006761491706999054
0.07814922061127853
0.13258100773259052
0.399481503991299
-0.1016002463471918
0.08472563988023059
-0.5634403029968019
0.32664317856879715
-0.3396260468154565
-0.5216226536766324
-0.16706148846016128
-0.26897663363731045
-0.08637684017585838
0.17830908072220353
0.5311525641380108
0.11778990662059187
-0.041044815528838305
0.636571997526598
-0.05283473800249725
-0.10549890229168347
0.34665333983598434
0.11909272580255365
0.03426866445932512
0.1398405248454542
0.3961648158533025
0.04534525144263678
0.20871425900740656
-0.1205984478234799
0.29704934504683456
0.1627349858561696
0.13435348866191468
0.21812968197322108
0.15903869774792162
0.18914638630516634
0.11617753494280073
0.27261840625525974
0.15747687325909984
0.0782519170925845
-0.6331325979568044
0.010286803668167666
-0.5669387588274863
0.07211651040201929
-0.11956468363919263
0.03515918740935083
0.04645268077322789
0.3246792816653793
0.3147658022817665
0.11822287826317482
0.4427339457015849
0.1215055626837144
0.34743442081172093
0.17212036254464044
-0.2016821689919011
-0.04277184360587084
0.10204602055943458
0.16504320600047198
0.20756559067509142
-0.16131666453458474
0.3509842019864365
-0.09456375869802723
0.31891901504920955
0.1210927508003049
-0.16439698320350343
-0.3421211094200014
-0.3179058643967764
-0.31528234291119495
0.08617548717361614
0.3402486808604022
-0.11117388427126727
-0.2063245779669172
-0.3149428791875031
0.5863579926996707
0.11728694231782583
0.12615714554197663
0.020032579521055
0.20203724531508357
0.07719765622324724
0.2414647572383994
0.22185530183869462
-0.4995183307866704
-0.21412880149048316
-0.4684763009860345
-0.3934017754028448
0.08187589979738048
-0.11455073629423643
0.009496912578845928
0.23923595486817617
-0.009528029165405882
-0.20323311747496445
-0.1535408667954408
-0.059233415700177726
0.2239543461065673
-0.15512622862373254
0.15697503937769428
-0.25007953244530245
0.14439206318836859
-0.5536907953799374
-0.28036434706921043
-0.3637851496763223
-0.06927035373417288
0.34382045070161293
-0.41050480879970486
0.10064143567416887
0.21240585332325237
-0.11335356457116141
0.13512976179071248
0.32828321595211796
-0.3128055454260347
-0.44802512934479594
-0.27630432902687185
0.28017569501222767
0.15342681669152733
0.27242537774602227
0.27651722079814783
-0.12465990367372498
-0.04540681503442763
-0.17533945610314378
0.5224112067132481
-0.4045812727388467
-0.11218493283704102
0.0004973888305199313
-0.08141543027694938
-0.2740864229984476
-0.06760449196481529
-0.27121995602874616
0.361739223411423
-0.2272882027680265
0.6902038930813754
0.16767465654774363
0.05142727508977682
-0.1728788177604516
0.6675936510319607
0.009698360802130579
0.39426150817261035
-0.22203535288676363
0.3193459867381364
-0.24201402483967838
0.282353092417245
-0.30869937231087136
0.1705109026368306
-0.16831349777182358
0.7774979339663123
-0.5061682602574985
0.39312988947436284
0.3072761225069161
0.42871128541356407
0.2713968638568869
-0.2777506669532516
0.24479924108935477
-0.35382801345561593
0.170341807286051
0.19552789379506705
0.21393540787399376
-0.15986480865086483
0.3123879471568178
0.14550711589824866
0.18418214812165934
-0.2553565747268817
0.0017123863346172655
-0.17412316982945508
-0.16563511705485495
0.23691173562265966
0.08870964046634872
0.014531659772384225
0.2519194408757537
0.8043186420064373
0.12411515229535783
-0.3310007477546538
-0.19277892212253325
0.11034663585622768
0.23723365973618693
-0.0088296140653596
0.03872846615020573
-0.23634521053273144
0.19361323468835476
-0.7097748913152865
-0.2925586679020871
-0.18402973629808914
0.0468897807879607
-0.2031419273170016
-0.42419913539310017
0.6671555167533326
-0.051756823168344596
0.006061262564421964
0.09314366232165264
0.563761960326624
-0.20275671085109465
0.331935920940203
-0.20055219161803794
-0.08090075327078063
-0.5909968140216679
0.021332189110405932
0.033908365979799966
0.27918802796446673
0.19298704220016916
-0.4963089811872789
-0.14605153230571485
0.20067124037288558
0.04959938350899571
-0.25792814891944293
0.16210537893271557
0.06688640324816873
-0.43350477542358823
-0.13358867216920672
0.36057508115829023
-0.5408462594210494
-0.10662093985410813
-0.08379146101309223
-0.27377038002943777
0.3250208728754477
-0.3350908515665669
0.3415965634752794
-0.3303190631096979
0.22256192956691154
0.49736065121007
0.3281798109309059
0.17068135465732376
0.31185560109257604
0.3538713661876028
-0.6312447170284468
-0.048790011613688254
-0.19458259499429104
0.0733269360738036
0.31490222211578067
-0.3446532933045584
-0.2097592668137789
-0.026001832219931725
0.5393966636242318
-0.9235884237122832
0.17361127016154337
-0.6139836713504064
0.0010723418600404422
-0.1625720338013604
-0.20167278252306975
-0.3108479113918193
0.350817526012077
0.45981203518498565
0.3093388270149457
-0.26955141783520664
0.0014967953605923986
-0.1169834316720276
-0.1308050061165004
0.05978831110995466
0.3575242757641586
0.40898683759641796
0.39459539309217645
-0.465412750882583
0.04849703478011149
-0.20526677157505777
0.22805963882308605
-0.16681261747072226
0.09745925630072091
-0.04709123361156462
-0.1968105538385743
0.3616349152303406
0.24028681873907626
0.07813038151408729
-0.18596024229929034
0.30416303689257995
-0.2406767459361931
-0.534352772952861
-0.3254987200585809
-0.5093949939864162
-0.25419040263584275
-0.273397925640953
0.49117419876101365
-0.09895916225736022
-0.38259405808187313
-0.10622490721854339
-0.1307874077040851
0.05553349031199038
0.17485402473480824
-0.022568249557839395
-0.2884868480044009
-0.12425422807207902
-0.0005436545136050029
0.17547403468250702
0.2014336918179349
-0.3218994869590719
0.14140907954008103
0.018007567395713405
0.618044345100634
-0.37630198014315014
-0.14227151500523516
-0.2273631186398733
-0.07699441944300185
0.34717749645945234
-0.45418344134039745
-0.04883098931879886
-0.4986564208068096
-0.14311764522237702
0.0908880701562563
-0.5450684184306241
-0.011917645747719348
-0.15789134048204528
-0.01027678449311552
0.1425737762006498
0.12350170344920454
-0.008978038149459662
0.0560336839741255
-0.06595031269954796
-0.09488393042441176
0.34561201158059957
-0.3028448595872546
0.16389092403254357
-0.4759670441520191
-0.054503367973854584
0.15193784048371856
0.05565665279626889
0.08145440958591897
0.2339675295081207
-0.3082596736244098
-0.47580026517097246
0.38842267045139045
0.12744823839970362
0.6494614977197605
0.0476081214492248
-0.3113806183144183
-0.2733166556935512
-0.5629878139634532
-0.505720263180379
-0.07105064442084293
0.39569868302728933
0.17439890951812423
0.4975039791279411
0.2900811211969176
-0.11787226044970343
0.7185050222243574
-0.07208084157455025
0.2555798200073312
0.3222089752082801
0.27714823896795177
-0.2552804955821157
-0.2839014483046223
0.008666934638463205
0.0022275361341721526
-0.10674660380693711
-0.3310511133607304
-0.02616635905415133
0.3663539079602715
0.15179356912271327
0.3918036407606215
0.10190252067826372
-0.22575046408180646
-0.698046384333835
-0.3537224658307721
0.04695249104661282
-0.4913556443633676
-0.37473979569882737
-0.3643912621465661
-0.18028920822506234
-0.10481009587820722
0.13547062892137865
-0.27667080018616524
-0.3957081108853221
-0.14336251632209152
0.5679996493533201
0.2945371741317293
-0.1672113531987525
0.03381346321417496
0.05250520878514339
-0.22165829265617049
-0.1647249243591382
-0.28366503374568747
0.1522427367693453
-0.1436312186458412
-0.3976137451175863
-0.17565704612541327
-0.14225289415960887
-0.679929291615797
-0.14222844146311503
-0.017761006575075095
-0.35886107529756917
-0.07760803854103313
0.09678270948888303
0.11044527245569141
-0.6285591580488079
-0.19090321911105132
-0.06155752117551444
-0.1420151933934706
0.05466515243551913
-0.17301112651216677
0.12057198214950243
-0.39519455450860913
-0.17557404229042647
-0.09410209371859872
0.2703136644547358
0.412647729033412
0.30244721450564527
-0.22976275361289744
-0.35818464349633466
0.33993825071053524
0.4360671058946154
0.40755595000372613
0.5594755908457081
0.3190116162798423
0.0919049847332807
-0.09457490707018876
0.042665849180759954
-0.06809762752669123
-0.3804239879020493
0.030640305077689785
-0.4091797456247151
0.6478892474495018
0.24949656811863302
-0.32128549957396835
0.09138312476502196
-0.5776337773239162
-0.1381773265632414
0.41349879777658805
-0.6372917986892558
0.05045680480268539
-0.3323148618788257
-0.4323399147727095
-0.2235425206816487
-0.2390040751537746
-0.17551546272178528
0.10765625315836437
-0.22728052663387324
0.4537687978200421
-0.05396875144462288
-0.2532856191320054
0.4574829823967878
-0.35184384810968167
-0.19328934205577142
0.07461015623584724
-0.30300446268831066
0.005544929831091538
-0.3128661432748235
-0.16341973477607388
-0.2215130376946745
0.5293617454563698
-0.3220783861951502
0.20450003771150427
0.048740903730821364
-0.5101101279740118
-0.24105603943417364
-0.007649310770569967
0.4854349058774838
-0.7037068159119023
0.15736481762532312
0.05921785484475055
0.40922910590930706
-0.19628321629277032
0.06306767760085617
-0.4326769647569943
0.08616323938754643
-0.10824458116625338
0.023985199777406357
0.27446711936419443
0.6226237873014678
0.24883124685018254
-0.01285903959119375
0.3005276366593407
0.3672512262990206
0.007178180501532439
0.40960889860334204
-0.14589100893170295
0.04966609787476207
-0.1902474878322342
0.3182848377169238
-0.06121118659127973
-0.26246394769231735
0.21858771704560095
-0.45970601317593
0.022313629805116957
-0.27203107845472796
-0.26830527005634686
0.5185412414374388
-0.4169257170675037
0.07020183938257062
0.3515286235625434
-0.07864259376431683
-0.13725024278981568
0.3050858104004358
-0.11605029203591358
0.2986957516586398
-0.11312896863318032
0.5874322313559064
0.23091504939426774
-0.03427806202007326
-0.06975465434676523
-0.13403360323272828
-0.34602674301841196
-0.24701583729150345
-0.2030867786317168
0.05958872505499931
0.15737980645517868
-0.13832732836357584
0.14557285566558711
-0.0031730105090900552
-0.18399560162965267
-0.29554020585262636
0.11168262944296993
0.32981384908363354
-0.1961383288230873
-0.587864595587204
0.20320994864716918
0.09693881847455643
0.30760485979687546
-0.4050251283470358
-0.2991096363659056
-0.15951425144970344
-0.2054854043318746
0.14690953232536205
0.6401696575705954
-0.10610189318373478
0.44791737464431786
0.11653374243485354
-0.5031646620202628
0.33082452435162507
-0.052160453026890756
-0.10133226900362838
0.3113928506853209
0.09636545288926189
-0.11913301522626804
0.06367923010303729
0.0733955789001681
0.2836171937251917
0.3845876712943585
-0.026084698686067057
-0.4394992777419192
-0.3611683588137288
-0.08992078666260789
0.3463212025184363
0.41030885650645527
-0.18945640280018375
-0.2534865310202373
0.05978554018294588
0.12424289605727351
0.2515129451501781
-0.32560785269264486
-0.13305566196001864
-0.045535447765641134
-0.09019489396354217
0.006312067853618088
-0.1962707906123232
-0.22241013873032559
-0.3161958978978689
-0.15283904656531286
0.05181861770625629
-0.20739764164315938
-0.38724579750011007
-0.43034415733067094
0.18839574166824533
-0.023674903396476345
-0.16503400266374454
-0.11747953358558985
0.14497159391510933
0.011808978572013396
0.24899744128633586
-0.39743877221525425
-0.42797784930606436
0.47216100866090155
-0.36962542576970775
-0.21363851268351594
-0.41986557704518945
-0.12191974540261746
0.10925872173711093
-0.13754120143110363
-0.6807750681893123
-0.043312107270495205
0.013909410383429221
-0.03654633553903362
0.21343156036239153
0.30840303000994956
-0.07789869226039217
0.19873824845071633
-0.4668944968534772
-0.08782822235979906
0.19300161633113738
0.08850348586670186
-0.028000180383401255
0.0696270612274331
-0.18331948628950648
-0.1295389632304355
0.37986345399537563
-0.014568133825328004
-0.1884929583531986
-0.8153262912934718
-0.0811812483023283
0.27459341458432684
0.5287580969439483
-0.3481552971316254
0.12310452828559655
-0.5346794126875892
0.030965337236572917
-0.07629179422647159
-0.45526360906439234
-0.13146501528210255
0.2826521226731666
0.14005702639132048
-0.34353261310176203
-0.009499754584147655
-0.3569466930687243
0.13401003842980763
0.3080912000694785
-0.19923067474092093
-0.0005807682448834133
-0.31888593705907087
-0.3412837852226133
-0.21228826251831714
0.2698707206697722
-0.223837984501502
0.2918952432100737
-0.5149930562957333
0.1209751477335472
0.1023320481017086
-0.6012467043027055
0.04758943493896136
-0.23431689861050253
0.005051563740524435
-0.21913978552176208
0.2486003504488791
-0.22999776924636509
-0.301430394063723
-0.19810192495877635
-0.2530025404346218
0.30013814965321933
0.10361465264414986
0.006459437403017439
0.3717207576473592
0.12243706820634868
-0.1988227019829455
-0.036324409087043985
-0.29462924163562865
0.35132362587419375
-0.6629661969588009
-0.2646791698067391
0.057430432859046254
0.004154465827197878
-0.5847701895202978
0.06610931746860273
0.144389395585581
0.22855225830582432
-0.3027277487116665
0.051994662442293664
0.017547607152055993
0.3964133538637691
0.06617445737923867
-0.07400459843396315
-0.06514695774168254
0.007563454116488879
0.2545014107042217
0.09012526059324533
0.7462287121206431
0.06583406794538066
0.3547231699933325
-0.7146869733979944
0.11821676678416888
0.09907962813582978
0.16350218456779878
-0.05419315325356292
0.3137112053628737
0.4576611081000355
3.8435414581129837e-05
0.05301439748818469
-0.1071707775239805
0.2052297588000373
-0.7828001128578622
-0.43542676303347366
0.11335722627704509
-0.0683198901453135
0.11399281322303609
0.4333431714683206
-0.1090327129695105
-0.26067550774436454
-0.15192135321981912
-0.21554657001546887
0.17800416204804625
0.36988136009504285
-0.016420388144711015
-0.1054025931128442
-0.5780685354646947
-0.4201934156875277
0.1749540603513026
0.0731770454858702
0.4369842246911872
-0.003177647143843496
0.20456942668037417
-0.1508526488610248
-0.033975452747085716
0.24373007914418127
-0.21413964119291468
0.29121468007495455
-0.14573003835212814
-0.15998511819443756
-0.08520815785099962
0.318628757089516
-0.011340508172295686
0.3987460398500234
0.4756508545490353
-0.10052228919155787
-0.05582945241170638
0.20824414199176855
0.31659700748883335
-0.07185433061917146
-0.7873743320907485
0.5178368940933101
0.16846670166347502
-0.05944546733558528
0.2110052673919742
0.3004878091863527
0.21042334496447643
-0.0028417192528828587
0.18743564157923062
0.2829393965789978
0.005015678374921153
-0.26747339547065646
0.06876380208143568
-0.6637049836593716
-0.18652160702205406
0.20884148290036222
-0.2824533786139966
-0.5144144543525652
0.08183232727198118
-0.43352697860129114
0.6203996927788883
0.1876757816723483
-0.38010895416895657
0.003272574888239965
0.1016964606732925
-0.504980661690159
0.27049151898429236
0.021187910664016932
0.01981552053322563
-0.42964612855681333
-0.3369894640668466
0.28861235638081884
0.2060968948722676
0.08663346849501052
0.31912923158708306
-0.09795335411789473
-0.3021633964990072
-0.2903057144176955
0.514003832789996
0.2711265607653279
0.07822821660876132
-0.09288682090124695
0.01050373435664561
-0.28362471228015884
0.06950430660785199
0.021211060480739855
0.39646543438326753
-0.16574690949951076
-0.4807092362832996
-0.0935054902161312
0.20402055544614406
0.3783891639475846
-0.5697870827225495
-0.010564257960153351
-0.28891025419624045
0.013095557956039545
-0.3504367531832062
0.26614657100614464
-0.4516121306803229
0.1296959811109698
-0.3011518539253865
-0.2909515442980467
0.518005154881244
0.47605900769227694
-0.35116383338814633
-0.30014752625581187
0.35233568213723004
-0.14490238705954792
-0.26244490680662386
-0.5133622843640391
0.06811118656180795
0.16443786315646372
-0.1485483333155535
-0.17584760846526487
-0.11884456314486591
0.20401276654623085
0.43582121561598813
-0.0744452202080966
0.03862174810567623
-0.07286979455282692
0.6129233816475644
-0.17509856542800759
0.20790416464750286
-0.21369885061679533
-0.2828964780242902
0.31334196471145587
-0.24147017730006684
0.006915074833723896
-0.37947167077840355
0.15962027140728843
-0.09519497403019396
-0.2617282269545192
-0.4782612536266375
0.19607962459943828
0.1298991690830261
0.09752744470914003
0.17458228215879054
-0.07902976745214334
-0.0845693388679214
0.02858005686322779
-0.04822368528055164
0.00572258877926289
0.27784282016607326
0.8621415092793406
0.07408462031610837
0.026387463084101094
-0.3699388894761922
-0.5240944662121176
-0.15384243039503287
0.16369939999886038
-0.05478006278542194
0.3516671528969168
-0.346531815274915
-0.1992796256731633
0.08118757005948463
-0.21956319614962982
-0.6695538456099297
0.159455873927502
0.19440772771370254
-0.2596992518780548
-0.2843318495963999
0.016023983115311682
-0.49628388148885494
0.12657090052258696
0.260841713429789
-0.22229310139496433
-0.052976993171117016
-0.015647342867761184
0.13759990517119575
0.34089178426131644
0.12605693399930862
-0.22635501836065966
-0.059771722329306436
0.0016859021666022118
-0.0017960763961477042
0.6919522106037447
0.012840537333744833
-0.3037852063693331
0.6134683502163633
0.2160136269466522
0.12690359552220667
0.5395737128009099
0.5755305312597315
0.042565990210090256
0.04932813802391599
0.23290658879400128
0.2180427135854506
0.033057952983350035
0.48397941811932943
-0.11221819718926919
0.1497094416810011
-0.4217289291605133
-0.3757094884494225
-0.7313867691330809
0.10346386270319516
-0.18664389250496477
-0.4008197731692591
0.19761803069358858
-0.4351134325272457
0.2070263530635717
0.016066680237878203
0.06386594349797999
-0.18288549460231543
-0.11203920731493362
0.24213042077160735
-0.02888174595494477
-0.16204802459369352
0.15598301366601855
-0.0990543921449477
-0.07368240754940879
-0.3484827854846002
0.1113444515132498
0.013815887695536752
-0.07759604224502815
-0.07145065204052224
-0.33815318268654154
0.3342418938997831
0.045598940249590846
0.04252761587923805
0.07563046397682306
-0.39946237399783935
-0.11128645861895517
0.23468279390700375
0.08798812960140444
-0.22414964729121192
-0.09256510052448506
0.008600539886537343
0.008402154425142144
-0.36974688123847327
0.20368902336723482
-0.5711734016364639
0.10932272526745644
0.08145136635527386
0.05642444270127553
0.5575160391952592
-0.11398167202696474
-0.07494307288611532
0.08311652743935555
0.488476146940016
0.21415946865564478
0.2772218961312991
0.002308928377644311
0.06301534345550697
0.18921530507064208
-0.3961764235043121
-0.1260812464520686
-0.09900196259446793
0.014281146054830267
0.05518321193672724
-0.33503502359994747
-0.058333830834907854
-0.8440783240049309
-0.2799617660988912
-0.8009700572570053
0.531738421799548
0.4639597366778405
0.1978147101201227
-0.4681124383299335
0.08565078755058274
0.3069438920366231
-0.6392017737798316
0.3689656336191472
-0.41572429397139593
-0.05535154335210131
0.004927351472804231
0.09899037337951082
0.16959390313441097
0.15247590159743007
0.3187014468570627
0.19610173401422018
0.1916938196031571
0.2912850402526919
0.12111907999690896
-0.15904817251774142
0.14134792306766936
0.13861472477619102
-0.2396038288725577
-0.4358111851554378
0.225667929636759
-0.5158039834208861
-0.3527623484252981
-0.006598401854473155
0.12191328949563364
-0.33557075765722216
-0.3614655080505252
0.1773425988530725
-0.6585848593452734
0.21854373308199396
0.129854765344623
0.1473954808105803
0.47682093724498825
-0.3667265048909249
-0.2330228314754067
0.36654621943519655
0.1128271261501062
-0.4058249896680474
0.18481869119972058
0.11489249798885974
-0.36581057180429394
0.27968906343706734
0.006209155285920111
0.12124002901545612
0.22049386697122203
0.39959756944966107
-0.005379675376754931
0.20244241820439127
0.0954808878368912
0.03542442434881294
-0.2539236152423454
0.3974713668526025
0.09407632112862692
0.14342421292545582
-0.06414602633391699
-0.25475263680135407
