-0.2033617310423424
0
0
0
0
0
0
0
0
0
0
0
0
0
0
0
0
0
0
0
0
0
0
0
0
0
0
0
0
0
0
0
0
0
0
0
0
0
0
0
0
0
0
0
0
0
0
0
0
0
0.02544224499731203
0.05856254606460448
0.3178007352633642
-0.19439547535547785
-0.014310276774603524
0.024477074000500358
-0.08699101642775384
0.03872264264402913
0.22042294478653718
-0.07702718614291298
-0.17729353233388256
0.2663377191072194
0.16079862126653138
-0.2076082522820738
0.2969495218953314
-0.04415654394688429
0.018992238743163123
0.12770030333471846
0.33896067080299014
-0.038614288996338425
-0.07701257093684453
-0.08999859534049545
0.19040150746150913
-0.0957745307403588
0.06971950148404525
-0.011035881097904954
0.23119372414424758
0.023352554525878307
-0.22339604144343622
-0.0992547966999218
0.08046387133855484
-0.01823769889358441
-0.4278561205618219
-0.1093842673423685
0.3647329912778583
0.1482872027999746
0.08787953503725283
-0.15111593972024323
0.3028740350617063
-0.22690967310282764
-0.013404527589076082
-0.09650981684076762
0.22345571998755265
0.18571528662253456
0.08609150823029559
-0.19057898988132288
0.3371761337722552
-0.24035747991669518
0.09779551203261719
-0.17536955702528567
0.059780501732876405
-0.27868150737567876
-0.19906513729318018
-0.14472066954183216
-0.4249300726978568
0.30556428666380353
0.06453174741307187
-0.3179213699410286
0.2978886217830939
0.26256027855575786
-0.1425710933630268
-0.15178962645611807
0.011153041082070348
-0.03107654492440265
0.17334655036640528
-0.08928955538693702
0.002691253092880568
0.127190892936573
0.04644579048888672
-0.05316154051741671
0.0357615217234409
0.0643355334288442
-0.15230697263205975
0.1698095692159898
0.590355017655371
0.19537755119926203
0.012950869905813487
-0.2087338703553214
0.2958286133516596
-0.08902929906134195
-0.14927307849367208
-0.045815515348963914
-0.2453722922439484
0.1284901532762145
0.28711255258772433
-0.3551289389652385
-0.009811585858043368
-0.16113985665559794
0.1355606613024857
-0.08486036126386462
-0.011684896799552117
0.11840477902475768
-0.07255458408424598
0.08364270455398531
0.3207207196064227
-0.007851011191080908
-0.1918554450325841
0.08925583183380674
-0.1847651985848352
-0.042657028703691605
-0.03946683970031147
0.2596706998777029
-0.25306518136185047
-0.09975500148915997
0.2951226080326685
-0.05421702861437342
0.2581335411103051
0.03466431626745527
0.2285180928553019
0.052552474480328605
0.07101907971145141
-0.08276126646955018
-0.09541445506121006
0.14646156320948114
-0.2958124099899701
-0.050398500304272814
0.12113512606765793
0.2015218712372443
-0.14332907275407
0.011301785603840755
-0.004719448643728075
-0.0878947212935659
0.2338608404714452
0.24180384089444146
0.229766559981311
-0.06466621281379026
-0.11232684694476598
0.13578808576553567
-0.13530200778241733
0.0810756948115821
0.24455526739674044
0.22534703531853362
0.023384784545920235
0.0033315958972550777
0.05443891089002252
0.2579466328395742
0.15533134592991163
0.009619572782396578
0.0564483065757124
0.07237939647261052
0.24072081759401823
0.033758792843811176
-0.29687741721036054
-0.023323923665630127
-0.20938283171563363
-0.15229020520871803
0.10492937061448618
0.0057734357673813325
0.08870725882819656
0.10783088264674781
-0.08533321153148525
0.15275520550561672
0.216512103432553
0.4161920165776942
0.4012157293307513
-0.34494619544794614
0.11598396900734496
-0.23450354416312758
-0.11688052883102117
0.0025653162334381627
0.04927862442326595
-0.19229899691072078
-0.12207554599759173
-0.20772618572832077
0.21080332754887052
-0.09513038832600977
0.2778284189931708
-0.014029022982285722
0.14797008651018878
0.1766605464278039
0.1879724261035339
-0.28974793970001733
0.09344103812291189
0.2055112138889988
0.18045382542635188
0.11531804772429033
-0.0836456139031794
0.14950316960276958
0.05561070540023978
0.2625739028498245
0.017526782175446103
-0.08940424283021424
0.09167768543904824
0.2787973049813062
-0.15044387846718743
-0.240855077438183
0.16833939526545033
-0.03970898260942936
0.17974726350791273
0.28108888233728413
-0.0672753044963979
-0.08368905508657418
-0.15636449614865722
0.05404879139041339
-0.2810057431400489
-0.15300528818666667
-0.27183724357479694
-0.060394492987177674
-0.3634888334424039
-0.00016928145410356223
-0.049685544390615816
0.11910211646633473
-0.005519299563818129
0.214776057411883
-0.08454880645021266
-0.06821011977648826
0.18265044899438518
-0.10122696629312976
-0.2442985007961987
0.059757134248928236
0.27550506924583856
0.0029554333668731264
-0.06549173560048492
-0.2360871081250165
-0.42941539981148485
0.14304535691456957
0.3564789186417527
0.07732489422759749
0.15930839197352242
0.324647828880281
0.0785037375058767
0.02009048452684422
-0.12536756109008493
-0.033844183103200344
0.48727964347136
0.15268591408753093
-0.18739653247543162
-0.2135050957085548
0.15917895914740013
0.2697302341092702
-0.23901733978820935
0.23234085247503433
-0.07369919589082324
0.24271551908609795
-0.13686295779195573
0.04568820338074965
0.009275766754209632
-0.04004708585311736
0.21197808700033832
0.10176740134714433
-0.17771346474956384
-0.08179826898845832
-0.26758541031967376
0.20483197879603818
0.1358905411983005
0.2390901532987121
0.1410197467243382
-0.03319340077113358
-0.26881547598386635
-0.27236585699225746
