-0.019074701525314368
0
0
0
0
0
0
0
0
0
0
0
0
0
0
0
0
0
0
0
0
0
0
0
0
0
0
0
0
0
0
0
0
0
0
0
0
0
0
0
0
0
0
0
0
0
0
0
0
0
0.10110053192008911
0.03631868082360876
-0.07104325821204317
0.1773589514178805
0.07283043594457281
0.031813844560598055
-0.1986413107626811
-0.04797364250319054
-0.07212552865214891
-0.06586243281751787
-0.11959994302437821
-0.05671234820319642
-0.26161804817749695
0.1265869332960055
0.06380937469760274
0.13615681297282184
0.06260277109199779
0.009643612075383909
0.026067495007325386
0.053255309785734686
0.14629320528293255
-0.054051108101683634
0.07210304446441844
0.08365023778370878
0.002273417973451739
-0.13445279506247418
0.0042990977857114
0.19338693161485054
-0.03579256517978118
0.1510925323024248
0.07402004700123276
0.09893056128047258
0.12427383714448387
-0.00039301838148918196
0.09891873791892139
0.13910658471330523
0.012000543689920304
-0.007440534066903124
-0.02667103166570527
0.029056883221356324
0.07090377549928528
0.028008641075518644
0.024733471266953504
0.14061705380150788
0.03587168645402624
-0.1261438897352731
-0.05742053634393192
-0.13268123119735864
-0.18403028509865282
-0.053659617798146646
0.02605483318842411
-0.02206990027481795
-0.2711006541989516
0.020349114998311685
0.07675196780532308
0.02600294008607634
0.08566087293176688
0.006404077079524232
0.05595025262004482
0.29635186411643816
0.04706428389824961
0.2577658173683843
0.23247907725775105
0.6835045603474347
0.5817033557172386
0.6726491244938034
0.8682746600217573
0.9066457374980645
1.2754991794988604
1.3353317420960875
1.3062091818041002
1.267866140066136
1.393509756923534
1.7162478016050704
1.5680441215457848
1.3894255131575917
1.3915898034502414
1.3702399428559804
1.3657663232112724
1.5627316215552434
1.3075275474995862
1.539033905508211
1.338763756962009
1.4068973983654267
1.3452472576330656
1.4691422023862126
1.4156547048650001
1.3233643113226417
1.542968987675499
1.5862504245979203
1.4812140664841529
1.4995984049899282
1.4654408984033114
1.5087469189461777
1.4951258878689189
1.3030341073421083
1.4301179933770158
1.500210062814543
1.4989490882365857
1.5569772097236472
1.2619684731858223
1.4292577461277678
1.3634775665542196
1.4622508196329622
1.4403168810175138
1.5274412025820536
1.5379431299463509
1.4836334371395736
1.4749978000139206
1.622925771350898
1.589400073739856
1.365416832276236
1.348316338273027
1.3556818847072194
1.5387514563452158
1.672188297126062
1.3921331352949793
1.5015294258645515
1.500634859497825
1.3574371318120333
1.5063310303188144
1.3623064014277262
1.3173684725868138
1.2864613247252772
1.3749385867245238
1.5440377039692321
1.4565457514230333
1.3757739194548906
1.4861223278417979
1.4555230985719105
1.2163781724612739
1.4687390166867824
1.5016101839247578
1.512698898454634
1.3895557736175057
1.256268131790769
1.3567701395325118
1.3477431731860983
1.2367071260736147
1.3448960082871366
1.5360235290389175
1.6300902226726686
1.4767104599878949
1.3394001781088012
1.5493343410665184
1.551063335878069
1.3308113395352206
1.3809714307003582
1.5614982308282246
1.5024372874910688
1.3042338491775471
1.5454892788148291
1.2623082562472296
1.5336909298167951
1.3505980062214114
1.2939802027876
1.485879325830124
1.2858188510965662
1.3076521529290812
1.319857441969063
1.4521832800488719
1.4662550986517413
1.5304891677785595
1.4284616354981288
1.534642746427455
1.6435938948616806
1.5586643787133578
1.526532600151119
1.45720016985854
1.437880552289205
1.4989561266583424
1.3825204279766001
1.6708919980977175
1.4116819199520751
1.3024317536069931
1.5355320973659892
1.3728498256510073
1.522756045840582
1.4175383791669813
1.384656617633618
1.2973135096882185
1.3719674252361256
1.2856549285551873
1.5291366236171369
1.374727656363894
1.4243976535845948
1.382305830890533
1.3783871148509046
1.2873587239450228
1.4024918172595928
1.3992679128058825
1.4006614294255024
1.3855758671640817
1.4275394509225168
1.3677787341002439
1.466484208683466
1.3389801603706402
1.4265689800457342
1.535543293698355
1.4847897801921996
1.5741631709698936
1.5146281715116945
1.2711877443926165
1.341505934238751
1.4852268642482565
1.3748326833731614
1.6449310540968227
1.4346017686769705
1.6023700806422045
1.2833548587809098
1.5120127682086528
1.5716720700345277
1.5104998314229199
1.315950474961604
1.4081661738384263
1.4674919372345436
1.2856433506398453
1.443635552496054
1.4363182963952743
1.4248304457510699
1.5538835374829845
1.4341283820229238
1.5569147521487294
1.546206985295326
1.673775101307613
1.4448484898511322
1.4947766260048458
1.3622001936120747
1.3985921049936356
1.523319920944339
1.4488414585084817
1.375941824971419
1.5357659945896582
1.4959185018019046
1.5508262842945577
1.3953305549605932
1.3628463730005127
1.5333451802849292
1.5013933352525926
1.4136171801536475
1.492270708452894
1.4909933031846265
1.532645708024363
1.4645481139769123
1.4347560448885153
1.5644805421240813
1.4180189090420663
1.302132763043791
1.41476109921504
1.3635241655931771
1.6124600488247973
1.4228246395187376
1.5276210381456399
1.3703149079287145
1.4657527479364219
1.3559749728738069
1.476294327047147
1.5196274650253025
1.1537033017189617
1.6514959635613153
1.8026735247081307
1.9327753229693028
2.405064157572631
2.4056440902179177
2.865029437675418
2.646453348939697
2.8264622577302396
2.903931607507255
2.8465693902029323
2.883553352174903
2.607928608857139
2.860497726970147
2.969843474218977
2.7818452785821086
2.686232365286476
2.9515726854074535
3.0086110831937236
2.8105419808247176
2.929550815098874
2.788980379215605
2.8522874206358773
2.846665822001027
2.8220082999517193
2.763673683532595
3.0362858158914228
3.0821719915360664
2.757605172800591
2.821961269797994
2.8773921392512767
2.8936126997937732
2.9475466038203666
2.7422611889945503
2.9499551260643404
2.8723897653913664
3.0194499085846473
2.7922681414301334
2.95413872618069
2.882813962335309
3.027954427138758
3.1261183393329834
2.871919749677047
2.8501368886443106
2.805411290822724
3.0394630242583727
2.7816391262909876
3.031819372540477
2.851795163268767
2.841785341861346
2.7275180246421167
2.8296675918321657
2.8739824093162794
2.9958652009330775
2.908347880703811
2.964383065421832
2.916156425185813
2.912300895745189
3.0095371550140966
3.021003916395271
2.905407223781556
2.8733253698028527
2.761124106753888
2.6888538443216747
2.951843165464622
2.8870340892774378
2.922945408339164
2.8772429207134347
2.9889803266364914
2.9411540658642537
2.9255276986257885
2.847990127710251
2.646471306750834
2.8322399242039804
2.8746922604921785
2.9802066024474985
2.766552334560887
2.8680773918871187
2.865713394212871
2.9472087519947254
2.9051586066421207
2.8252567377109767
2.8782108167308698
2.9462463890201613
2.8106929101107805
2.897576149412112
2.895953227755801
3.1688501609594546
2.9392032578965472
2.7584291456648806
2.8816818951516607
2.9963125731477724
2.8703440654699772
2.96773588483404
3.0391966172738325
2.975468353444601
2.938467192281198
3.0268656324664778
3.0134756930022895
2.9091278920459662
3.0045744018120177
2.7694933943816538
2.9374670473948896
2.7347954074567387
3.0550813755437427
2.940964429270976
2.9304752089893604
2.9053189498080476
2.9306616589441035
2.78818298199981
2.9903309022065363
2.7636837829161838
2.6793548500387825
2.8786652684990774
2.9380102774099845
2.788387608532595
2.8066530629291284
2.7788245833045386
2.993557502809354
2.797520752946968
2.972240887054591
2.9462404370945
2.8026467025315145
2.895167457296974
2.8819013780329867
2.831545368912814
2.7586660537969143
3.0491607022614216
2.9167895466957146
2.886691939718931
2.88249311752252
2.8563952548880196
2.903934757764936
2.9458796363679776
2.873739856574881
2.9840125648991433
2.9918684921050844
2.793542353187013
2.858191789954642
2.9582410749129036
2.96482569938881
3.078641770925396
2.857850557922908
2.924102071604938
2.8304253223292286
2.825932016284145
2.7961117359853946
2.8315587337971966
2.866079576914524
3.0809025920442576
2.733567108193792
2.9060541495380754
2.865335222131428
2.9856119521239908
2.9726708274765556
2.757805799021067
2.9561082562238554
2.9337829654509378
2.8267924046205315
2.7318525366596065
2.948282164388456
2.698133046665244
2.9998553755055775
2.83089733014142
2.800576970460349
2.7871084844902434
2.71566956539617
2.7840596726996645
2.766928531451931
2.9634339369886087
2.8907779699312277
2.7045897485654296
2.7102383051054297
2.742530324167758
2.8286969514607265
2.987744806986962
2.7642779205837433
2.898993622904506
2.881765827210971
3.054615026696382
3.0136313679011377
2.7494821447987987
2.7167786095465214
2.837590012827161
3.0143953038458218
2.757770396051558
2.764210143845224
2.9133207559985723
2.9351322174489622
2.9932341391589175
2.7491088586602634
3.001128380609861
2.78066178565497
3.173929371682539
2.924577201059265
2.894620747421129
2.9709785862562206
2.983533693954049
3.0682906649745716
2.920315911905901
2.669148879716688
2.8644893985293503
2.7967874047371852
2.7764656049496885
2.9451332944557773
2.891127209073329
2.7384675886510306
2.6792313240056647
2.8451602483536966
2.75538378729745
2.810489940483358
2.8122610964610457
2.996595623709622
3.012966823544175
2.949252557414003
2.7992794445422557
2.8507666893754275
2.8686875362614543
2.78604488897865
2.990682142710593
3.03649756624691
2.8207282989387457
2.8902682573939713
2.8898901408837534
2.832629450494233
2.9606465612560653
2.8335831079452043
2.908280911496722
2.9064283851520023
2.958211922314198
2.9955680402550566
2.941890170502948
2.7514510997784507
2.9254122475259043
2.8718339825031034
2.8487040545203
3.07970014561267
3.037760140216863
2.9419509695399246
2.8976032141573054
2.9479168627229857
2.7000662434964613
2.835386025880452
2.9053344298218033
2.9217653693009855
2.7876120800184676
2.9816140086844123
3.0366845290430065
2.8927188239043407
2.976121952108685
3.029886893375968
2.8397968963575284
3.045293572283531
2.8870404758886106
2.9548480760293603
2.81658062030927
2.8192013794554276
2.63084552483635
2.8323168224459523
2.9272385078091463
3.0154427139419435
2.7801213683486554
2.8252804791617954
2.678010566384065
2.8827192945683935
2.7888102087680555
2.8255344212397873
2.9918600703498393
3.0439917914391317
3.0446670966758442
2.9330355327510222
2.9352384239761844
2.917069119458887
2.8748032356851594
2.7875286326110915
2.9568025762147854
3.0807327161576707
2.906809507704664
2.8521153267659884
2.805091131390811
2.8020050204267988
2.979354859984689
2.887416460302771
2.965411781677942
3.0754320195711524
3.0758978444261222
2.8901580110027907
2.909908753350873
2.883050180157965
2.850055317943731
2.793832371574602
2.8364017223950753
3.0085148715685217
2.997235628519136
2.9163644887152516
2.769434041493308
2.655838207111068
2.7541979567216783
2.9945636340415445
2.8583128757088683
2.93586661384857
2.7595161026451827
2.9731550292267164
2.865014317266443
2.882418567738504
2.8873674405151224
2.935513387115578
2.8515284908800007
2.891336071394599
2.965114765836862
2.908728138728148
2.9363198089518256
2.963022734371735
2.7959876744772263
2.7295265544777205
2.801143963522249
2.835298636873998
2.7726759170738307
2.7253241344024497
2.826165023258524
2.9680343119605124
2.8832881684800933
3.022434397034452
2.9831988561627454
2.9221690670269638
2.870616016415556
3.1019973015558393
2.892445508993616
2.8874976319197443
2.723383204736928
2.955654658149723
2.720544600974256
2.815039071034182
2.8405209289335467
2.9321505095582907
2.962173738135751
2.832559065306686
3.0422915578592455
2.821328943569806
2.90464967546258
2.8578862480750926
2.9433584422830097
2.8590728048505762
2.922070174387904
2.9741368069036067
2.8983837714327563
2.8292492282326713
2.7948673399706405
2.9776309589776226
2.837021725405911
2.8483282682915787
2.912745844822239
2.7362505382961655
2.7117229115718495
2.762591158027417
2.9157212499690113
2.673747498740836
2.806519939786884
2.9703169250574786
2.7263481361676623
2.852258882995675
2.9874777124054335
2.8342029584051085
3.0861616311116684
3.1229678886634713
2.7966621879865268
3.0541980764138548
2.8403576930531664
2.98587926207692
2.7916641921754226
2.955056094658307
2.8665295924587086
3.0362871146872616
2.8229812031145824
2.7890170853960377
2.9545512879357543
2.8059076584144944
2.8568540913825724
3.0454215057280427
2.8601702606539225
2.8308069116944483
2.9657707767336667
3.0140584036247855
2.899741085066031
3.1131030004377234
2.8082383375156508
3.0089007564293224
2.836174719777181
2.8804056290365216
2.9886301176794103
2.882613148107797
2.9747914614132256
2.939867913940853
2.9615592325897424
2.773404190119232
2.898815872712129
2.776321319514884
2.718291634885095
2.9711769432707187
2.7341024511291003
2.9278777266000877
3.0209565191523926
2.847626764260709
2.8237618052520688
3.033784726978028
2.790433754022838
2.8560674418639227
2.9489743048143864
2.869812662654078
2.9363945400666602
2.980036669075408
2.9430377566562242
3.0097834139165847
2.8091570400321926
2.9179620468872525
2.794037249016984
2.932497184873122
2.804524792082196
2.8578014738297584
2.7781682627497073
2.866458929681398
2.8904916072922124
2.828612497938689
2.8428294713202216
3.0380376884897817
2.8742849857512995
2.7569512051461693
2.801873367022939
2.817505006488311
2.7565428016808555
2.9496007172494663
2.878512696337343
3.0273701191964215
2.865588091865543
2.7627207695206715
2.859705867291748
2.9409153763486175
2.714872673770274
2.957116241802871
3.0310437764566496
2.8583958523865194
2.9340872418225863
2.809196567206529
2.8947323322824134
2.8103763095606253
2.7556815959551373
2.7242649757507866
2.791045463584375
3.072741431710864
2.829925137945796
2.8858094709334057
2.8401900746785977
2.8354056375307177
2.7812847636020015
2.749010103269632
3.1123401828323582
2.6427318857546727
2.8121028216069757
2.797133708960372
2.896523097275387
3.0413320614931267
2.7489679418424706
2.893253411099041
2.839046553012251
2.927363534686852
3.013214207606158
2.7786925238283877
2.8754933586146523
3.045642059138183
2.694541553644565
2.8545882371784916
3.021233307504557
2.873358572897621
2.778906833419825
2.8672859161298474
2.844981492578999
3.011418711601561
2.8462839361391072
2.879234601463844
2.8189573950611
3.0136619365466175
2.7114083768881514
2.849304857072093
2.8917344838076224
3.0780762156953507
3.0484886502334136
2.8279449634451272
2.7547796049679136
2.8424145406710855
2.969365335310779
2.9376341553887664
2.8316540174237916
2.840860239913029
2.90061841810639
2.648489490136983
2.9634464636967874
2.7572889506126623
2.912586160148127
2.8660559129722283
2.9181059924520136
2.7598221969326393
2.795327802531622
2.8376980631263518
2.8944126882620966
2.9949241009086376
2.807875275950287
2.9262780894447737
2.763606726289641
2.8933297381456375
2.894941311643761
2.8146592700416426
2.909503697540896
2.8548411158372917
3.0338468439837687
2.7840466732642897
2.9796433167751584
2.8042652173154217
2.8946235538197813
2.9360663353036007
2.907624909541802
2.9010082522939094
2.77693970698344
2.8504607596210887
2.7435914396587315
2.81708780107752
2.8173970181178998
2.7132876479663843
2.8505742392776505
2.8525061833204663
3.034328816899894
2.8607071012012653
2.9610536526343436
2.8429693602791204
2.8625282236464207
2.9101421660855125
2.8343004073924893
2.9364775670461642
2.7568059846068853
2.799529885403405
2.816118957568255
3.0078491959816014
3.1885707363578653
3.0030141085018354
2.892779496515124
2.8533243265084933
2.9182126814138374
2.9873484727214237
2.80896309032054
2.9415712367000393
2.9499453994740295
2.9086004884178984
2.8895864498418
2.918435350026429
2.7933929831539572
2.733296351114871
2.8514516431356887
2.8531847299059683
2.757952901575318
2.9268077799824046
2.9842729503199465
3.005721895333232
3.0023703200660177
2.8461397347874904
2.7953955538508963
2.813121628321786
2.884346685395822
2.8858420528994078
2.7865547085338496
2.840089737813703
3.069514831118343
2.9282943473958043
2.8069338980753926
2.928475128047921
2.712581567341862
2.820863222096456
2.799311689942209
2.8154047213453155
2.9381312119699845
2.97966099379644
3.0590159148095064
2.8209198306768584
2.8949578608583955
2.8505157842122277
2.83049231694014
2.946068990531115
3.067884478960938
2.792511341981459
3.041214227037675
2.9529965731116543
2.8203434342126474
2.8118437789196116
2.9953434894158986
2.953733641324887
2.7105321340079125
2.9972625352532356
2.798205083300769
2.727055590071493
2.9292201900776145
2.9242210635720385
2.8522112784303633
3.014683203611777
2.9145807800463386
2.7891163164766772
2.8507376525784722
2.8337537405560016
2.916691262730787
2.895770334174307
2.6848517336346798
2.9514867409383614
2.998994523104837
2.805616933153643
2.9734017799953163
2.782400191997797
3.027303269392917
2.7796677416594666
2.891324705622143
2.9801188350537053
2.8455812075897557
2.967101468546743
2.876877737776307
2.9511516732249117
2.916242677377193
2.7648939577108202
2.770493624450828
2.8731970542965546
2.892729291934851
2.8190064026635504
3.117651664794203
2.9224759513184075
2.928627232421018
2.9579303837747006
2.8166138819704685
2.82396714363674
3.036297966148944
2.8758503486809133
2.9074638322134487
2.925683357888173
2.897187600542861
2.9563487650009708
2.6413170182939636
3.032460339213676
2.7812715610276086
2.8361463398336366
2.918901400311449
2.7722313540304366
2.946273135531963
2.8204793714123677
2.9209761201055118
2.886081674253328
2.864729854781821
2.7371511058678903
2.878722147707712
2.7279990153367817
2.8026971492812573
2.968943150164898
2.8992175495909622
2.9259657487729305
2.9018107055884075
2.9076756424764514
2.852198520997129
2.9134958834745346
2.8415009510348748
2.8581972478687643
3.1052950951537834
2.908202772675729
2.9763977750924577
2.873049608718155
2.984015069614439
2.9896454569803153
2.7888280756070083
3.051158598281217
2.9988421073739944
3.0184324021684885
2.9497035389961463
2.8398358527942387
2.894867229053446
2.8199658269091525
2.7169727391043064
2.8565004649157317
2.755132060276181
2.9366202024491286
2.904896901628807
2.8696946401018817
2.839708826401596
2.9453641083907973
2.9303511960189503
2.92156258197722
2.806516300168198
2.875373772247098
3.001957156981871
2.8172756332693356
2.9937094700654074
2.8874547736759317
2.97493058232745
2.827485910276643
2.9690030298490218
2.861946840267908
2.870422266162156
2.840740243028392
2.77387060140545
2.773276690354492
2.923617474734627
2.904347660356785
2.84800317355036
2.8260652085408364
2.8225230647942294
2.7332911089584484
2.9461064814591986
3.000502605126242
2.9834408155705807
2.989912509899076
2.9591139460654188
2.7985172308797717
2.729333104695775
2.793882066794139
2.9000996945477926
2.972434158106032
3.088355164530242
2.7998279108055155
2.83283267850346
2.807209864177157
2.77521604159065
2.7775111989450108
2.9739729772999866
2.845826710426946
2.8470674909405367
2.781466529312894
2.958434561741863
2.89593875752644
2.731521195654863
2.7650892680792585
2.8851510991777682
2.9862073358822494
3.0912483303347082
2.9425479521351106
2.930068358382077
2.9471836252833383
2.663161564511321
2.8501938412877474
2.9034044785874507
2.7015554178686845
2.84237608998807
2.6972072018579216
2.8330607400191465
2.883099753087193
2.7975958838470407
2.9368579496402933
2.861987757929871
2.9078499355299594
2.9197232671463054
2.97566016840844
3.03911327068016
2.85145865200563
2.760812236090469
3.0095614824078742
3.014127909185443
3.071085176904377
2.8590293209562345
2.9306073577928444
2.9681039716637088
2.7793774707647665
2.789974801213704
2.9956945434710343
2.8531453238457307
2.9750775753257894
2.8395070202135133
2.8436587338581076
2.925404614458017
2.946484451094503
2.9463886228427074
3.0280177216121946
2.765214418523223
2.8468096119213833
2.7600455380848854
2.856016268938905
2.8481241945468416
2.731078490030313
2.8085297119232653
2.797247944253581
2.875572035782068
3.0546051778167342
3.0013148808467625
2.9832396683034617
2.9829102247490136
2.838622001065289
3.072231264914523
3.037172413258152
2.889709707152296
2.9984752982253418
3.0058606815141085
2.9563778124586437
2.8950249343144066
2.8726239575050685
2.9433510392475983
2.89523094725419
2.9659712865263126
2.9478250575961162
2.8800890754492947
2.8259063038282495
2.872625511941877
3.0109075265514433
2.736956709053478
3.0355452813371193
2.866781799383054
2.7639694556593635
2.769221129765693
2.8826529501259985
2.8571937928747198
2.969648262570368
3.044911923780454
2.9156981337840895
2.815765932143573
3.0959663186319544
2.834245270548418
3.0021432753099586
2.989721189775748
2.9681212673229145
2.7889222512085396
2.7650068785289648
2.962092707666469
2.860680859524815
2.8479596274478105
2.887623742999697
2.928192394383336
3.1041299711664974
2.8180561525605667
2.8909689894415025
2.8178210023626757
2.8654882791419083
2.7820321274311013
2.6269906206512874
2.7427075530276004
2.857223753359463
3.0330768175069927
2.897280515600998
3.0270149209987594
2.8914859942323856
2.874907473771158
2.9115412664943565
2.7659509393219506
2.86299460959711
2.947345908118188
2.8257827789696224
2.9029384940120924
2.7918405055217264
2.9941631148914856
2.8432109223332414
2.8523637100731896
2.960978534983698
2.9975433438085584
2.878616336425964
2.9836499057516614
3.0176658028201446
2.9307264395827666
2.924189231754848
2.884120177444016
3.045276770837961
2.733177324710503
2.9162246992241387
2.82865437528145
2.82982425166701
2.94548991134904
2.7487964788007035
3.060445748134517
2.8595421777207837
2.99058798134234
2.8661698587922415
2.920119212986453
2.785370405049043
2.741361968486444
2.803932115246175
2.822844010834945
3.043346965266176
3.090339241018482
3.1218099440837515
3.0468861733338977
2.933219768254005
2.822578735916471
2.9835739272482513
2.970486676689984
2.7648206131730997
2.9590093876923205
2.8771420311922777
2.851489879043915
2.944231742393025
3.1200209565790367
2.8512505686767717
2.807661505925535
2.9319614664398546
2.8655491189539353
2.8258119537134347
2.725421132576194
2.6925300126914906
3.0405039083135317
2.821497352944032
2.8635848590669783
3.0431752755135597
3.001801970019926
2.718135517109385
3.033837255630414
2.8298516470017514
2.837187433390136
2.739137710078456
2.96983757242047
2.9494514122315776
3.0794110353980586
2.899410562016883
2.8644720637579453
2.824691405416132
2.8748361392819337
2.8772928489293235
2.938480159893964
2.909879560630581
2.861760828674778
2.791365444972929
2.875436448978894
2.896156149107599
3.1033584335940874
2.85054953348681
2.707382806274685
2.8701095406673334
3.0014691255893227
2.9561983296250607
3.0719475931064864
2.910231298676308
2.9037167356333513
2.884369209240652
2.9284600607545275
3.0060780678071843
2.8477096301554083
2.811459484963478
2.753144296694853
2.8078061338601015
2.793730844101531
2.7789895561169486
2.9614989042406004
2.842587567302681
2.8894439515528365
2.7987930751727137
2.812354440404596
2.7363516828746133
2.849104688373836
2.7577198562610294
2.9532175984432856
2.775915284722004
2.886055500207954
2.923929795029451
2.9803100417046773
2.998303422977895
2.76827357189558
2.7710188560742197
2.956558892796327
2.94296497725743
2.82988080419936
2.8459713672738394
2.843954004253423
3.0036731310201046
3.0152800382055602
2.681975300011618
2.9956039554263993
2.807374215998129
2.9744071512571106
2.8002678854787226
2.9007770429895716
2.802321529614103
2.9677490112351963
2.9232685910702676
2.958652015154433
2.745922522396491
2.854493441569161
2.848207220520896
2.92774514947939
2.8353080807626396
2.7016606501887295
3.11256736351996
2.948349758555035
2.9214602400886185
3.0114361237589646
2.8610176763380517
2.8910685874243396
2.929737114819861
2.7631215003502727
2.9454967968466192
2.9350353179769426
2.8371552488388208
3.0411055077456606
2.9194985527695474
2.8645990622045634
2.731457105183352
2.9587029876208977
2.933366528439522
2.8556435593306273
2.8145386310927574
2.8270112843462387
2.9821133733581067
2.7273309678592246
2.8799064372347205
2.8731789803820647
2.972376259913756
2.79832442300366
2.9598424716125376
2.8967389112069717
2.853693031882909
2.905819316485917
2.714048327249147
2.945429384853926
2.7926430993307187
2.8467001795905236
2.990986268400861
2.9931720520705305
2.9754821768425153
2.9313031882061606
2.9919179640588336
2.8750192758606676
2.8742608731069312
2.7280416881308063
2.968599280530895
2.8985183111620314
2.8501897187597294
2.7730267746233856
2.8485304758552736
2.9069424419949175
2.8565677543877617
2.92362985837768
2.8060031007708415
2.856037761522153
3.1393591214872845
3.051003837087048
3.0219735894269926
2.820272208416458
2.8318293683171176
2.7461949781416144
2.98838193391038
2.7969270562131916
2.9330226107200903
2.8854777078499416
2.8782535213217693
2.8081730467747383
2.870421409920733
2.934274148412957
2.883888760136196
2.7905282877432467
2.982760917719759
2.8726706517988605
2.9653939200440362
2.8025285921793697
3.1224934994464872
2.842318086520102
3.0784622539842093
2.812209701173737
2.8910525668679603
2.934955987482973
2.757076514038706
2.687548609262983
3.0126550290347476
2.99079388769992
2.9129666202292848
2.9037193634025984
2.745034138534457
2.891620176766244
3.0112033206138302
2.954561456069347
2.9319583940146394
2.971939549706055
2.9553578856447307
2.6806733258717235
3.088261722607725
2.8423177216780307
2.703797000224072
2.9316276747957666
2.9373346288526045
3.0353757677623556
2.7875226853825477
2.9130082422507018
2.9097048372270886
2.9830046948976934
2.9222594976943435
2.883677411070667
2.814450332225996
2.9973022110875833
2.8635645149976914
2.6646920562003995
2.9874905693702902
2.7261783750038058
2.911982592923993
2.8918238959837606
2.9061038332535767
3.0699623363577677
2.965083480136123
2.9304915719671567
2.8904143469169084
3.0156381671128907
2.8827996733550534
2.7169026364940687
2.8059252945759834
2.886237260104342
2.8983866333169805
3.05306757354446
2.790109045625529
2.946419007596568
2.9630664870469197
3.006283354082255
3.0157348487264883
2.8510613682499186
2.906587429946078
2.937765669649473
2.907174527050793
2.8557661458388046
2.963057097664864
2.7394048333523626
3.021310363958401
2.821457186810443
2.9830428591284814
2.9811664874443755
2.859671858728715
2.847767082446988
2.8872813055328184
2.978433584808201
2.746246119249819
2.6909983526236894
2.9506021702453333
2.842519306066548
2.721913082631697
2.9277194376227964
2.9634198752729426
2.9210557925198506
2.9152036595101767
2.9541333106873253
2.840997514429133
2.8785732043027767
2.8683285654535364
2.910009393283832
2.955413956218504
2.834052839079086
2.777172249729234
2.719576162801531
2.866466585054843
3.095761870991808
3.0725278111018146
2.7409574719558596
3.0749682895040245
2.755568831658074
2.7611914598958514
2.8576843422353413
2.7826458091741735
2.8324873061026894
2.6561591811663408
3.002596974408246
2.823450142482997
2.9213909739352455
2.9506503734538025
2.9664048223062762
2.8562903938288633
3.077179315828634
3.0191204408673373
2.8846000066496438
2.992631085970241
2.799829812386388
2.950595233888618
2.863866062013155
2.739321167887808
2.9033954481345696
2.7852004927441603
2.9016906352238574
2.856147389377868
2.7919604777907385
2.9525823064937295
2.7332385361420086
2.8375699045221894
2.8807796183586656
2.8060455996706453
2.8459206581968433
2.784304689648443
2.9925882328393785
2.956452609949715
2.8072554711640874
3.163862484978794
2.879042577802991
2.871749985430634
3.0284213481182225
3.0164743867398833
2.9876604799695423
2.8014205505804917
2.844313229941392
2.988324822869787
3.0708230475831613
2.9494612483250506
2.7183475732109112
2.9208108483171586
2.9104084976673024
2.979160389234066
2.984090090368553
3.1934247610312525
2.9032201052644937
2.957771993072724
2.8528292857521906
2.9177053551923993
2.760193144100262
2.840553758141555
2.7881958508054154
2.754496319486588
2.78466241084402
2.976082382666138
2.8110265950635704
3.0032488121391028
2.7317624691663642
2.73896891724713
2.874938888329839
2.7453340584604597
2.859505686425683
2.6129007263270942
2.8477932135420168
2.9092001308830504
2.874993939154829
2.863794804221719
2.8473985558924664
2.9300136248252593
2.8222264606868834
2.812286420703493
2.982748792711421
2.8365674670222885
2.861820253190865
2.8615856997470255
2.612418393926217
2.969523598488888
3.022134444684974
2.9532272402622604
2.8196767223007866
2.6650555847676443
2.862656018563395
2.8420858954239057
2.968890669291535
2.8220963954137335
2.7888883484974265
2.954955216241441
3.0693705828986175
2.815795382040821
2.9031009789722955
2.9170640410697883
2.8997701892598826
3.040212245814541
2.84195005602843
2.828977209074427
2.751979060541916
2.8164752210282513
2.9849670693268138
2.9433093089322813
2.70256214518623
2.8051420088197245
2.8672681232998842
2.881170060774434
2.9038969704728204
2.894862735442395
2.914524739308496
2.852994612534492
2.697363896130989
3.145934294652409
2.831155829910531
2.9155283739841553
2.8785595970234756
2.9519421782096096
2.7360340236359724
3.04603781423971
2.96819169861633
2.972099914813212
2.8391641865977366
2.6808185322527853
2.7517683623274607
2.855799519617672
2.8413378352420033
2.7698464537115215
2.844309624794811
3.0199941554697656
2.9166543768379025
3.00956801072348
3.044112696244333
2.9494961518783773
2.9481354590242623
3.0868910461458143
2.951500783009372
2.7751007680381115
2.99003047571326
2.9722910069006625
2.8663207333978393
2.9060687679481303
2.9095568653721036
2.7917537585004575
2.835881344172696
2.9252658218902385
2.538379587930245
2.932499282707835
2.895450971309782
2.712379978558956
2.770551528287754
2.931209650509824
2.9505539246300634
2.80040349483887
2.8395835607077418
3.0033867354504316
2.731689788324579
3.0487704099300643
2.8430711916626703
2.9363378787928154
2.876742134311656
2.7433655776968897
3.091808900085554
2.940962126318946
3.008710541844701
2.817485057437781
2.929555330484166
3.014987089378272
3.007572999551275
2.9273406950330356
2.844687580666465
2.683406591215731
2.856115027940295
2.8040915231450447
2.912427880521342
2.8521049473861546
2.9755159156222604
2.9125029075028848
2.8152702902158686
2.9036361595025513
2.9539530370592533
2.8354149904224824
2.7055764267318296
2.913636397258427
3.0283969413418275
2.682582576779439
2.9604667032144243
2.9007792297932884
2.94083785931054
2.848703768287617
3.04377412492889
3.097965371578969
3.05854841047295
2.9074988794739314
2.9976377417995774
2.812604548937188
2.7543299250533946
2.794626980377578
2.849403182325461
2.8456469090476406
2.854151573488378
2.9499547938902206
2.8329186014577896
3.159412437331178
2.7596678417087457
2.7207233670816873
2.7859984456330205
2.568321024023545
2.5188556663248374
2.501132440277034
2.4130152780547274
2.4291223121948975
2.0987807381685917
2.3009785786718826
1.9960546655050848
2.0605696930017308
2.014590062362076
1.9422079298526675
2.0777942165676335
1.9508322748088818
1.9949538047269786
1.922854377130365
1.9933440598020895
1.6559226424171138
1.829577763953803
1.606679299267634
1.576935137972979
1.6908148770093028
1.655396726852644
1.4711546064062189
1.8282637562488804
1.638904791217407
1.6894649680197626
1.5949067651215993
1.5883816783000038
1.50795310106848
1.671845628515851
1.6230208108886464
1.7375678246154491
1.7460983240354102
1.4727493266937082
1.562742708276444
1.3919732704385661
1.6532512754598911
1.5656510188797261
1.5908701850593965
1.5550067243918233
1.4570758807577662
1.6292387128148922
1.5202032757910735
1.697314358399576
1.4075093796780513
1.6884136813159556
1.7106830634254768
1.5662107294637324
1.5623354452174012
1.7548854937899991
1.6632118733583017
1.579027041822657
1.5765040621482576
1.7279137420994284
1.6174605570256833
1.5384944468570751
1.4990941282064008
1.5393567867304498
1.6084380181925175
1.6066094440565142
1.6253652046090457
1.6083469526287573
1.6298227767779856
1.5372507834073146
1.681938074704495
1.6502408386054865
1.7196436396383412
1.7313583827780474
1.4910304224295725
1.581889930478619
1.6436229054613836
1.6962919767088411
1.3795050166576404
1.69834706671576
1.5756950872797921
1.456725504420822
1.602088607460578
1.7279609062723833
1.6936099262531192
1.7652153504420833
1.604404391981766
1.5800924473728202
1.6217156617772384
1.6357823190546839
1.6820048288813971
1.7319815703242245
1.632182855384774
1.4947377424319181
1.6351380447300985
1.6728553154457866
1.5987452923218939
1.5945568030658792
1.5887387292287214
1.830875015623402
1.7206153695906563
1.4967854478771385
1.7693215774082487
1.6921532945320013
1.4710923965731948
1.6349905181865272
1.70505958815058
1.6327764149999306
1.4676765741688975
1.6153329785442327
1.6878683861946135
1.6058040124823352
1.4786887121182224
1.667360506773088
1.7440027364861357
1.7948230927603077
1.4878747300422064
1.629391056370017
1.7413335258697016
1.6490450477339762
1.6536772227938379
1.525936141636219
1.526704030307603
1.7297626713936776
1.6405841700512915
1.6565232972304424
1.804924168556875
1.698006536624
1.5095025690222046
1.598381784412744
1.5660654282938227
1.7064450791882682
1.6038971547650263
1.5416771296806062
1.5987169663951755
1.571368083653355
1.6655029517240936
1.4738930625006852
1.6068991437385192
1.7484512650462702
1.5719732846246484
1.5246127181064637
1.7514677455016345
1.8493074920885886
1.5567682760075412
1.4654848810042735
1.6603522243829831
1.5300878720763627
1.5699565234491988
1.555731116934788
1.69720908433912
1.544812707518711
1.6094039852033746
1.7161320494349734
1.5405429438447147
1.5724092174863247
1.6924203702246305
1.7167997501543526
1.5951240765778005
1.593084671947532
1.7085251976363183
1.8128586754218636
1.7115815440623017
1.8852060958570138
1.5211402032171688
1.6248627776285196
1.617731844682128
1.493198935313256
1.7543212776284618
1.5605259652599905
1.6499823126769306
1.5982850298158047
1.6211285785751448
1.8309456746139388
1.5557793956347936
1.6630560788624602
1.5682867356976797
1.4805840447136043
1.7888570603383476
1.5330160669489952
1.4240873295179959
1.6175970315190358
1.6397029575799118
1.4547581362923239
1.6221769134150235
1.502661778681674
1.5162089083494503
1.6335756793192138
1.4516066825211804
1.5490823013948478
1.617885019980401
1.4766766033194696
1.7256999759891665
1.4261784614108397
1.6431810136300895
1.8463863877316702
1.6081376120097974
1.8445944638470742
1.5874767684273356
1.6302657822263378
1.6734540514778462
1.7357878056177845
1.7188398850046964
1.5875848244087734
1.4879317511503596
1.584293005774442
1.6198686484434826
1.5086962039529974
1.528023016872768
1.7083013690465176
1.693992109039005
1.619749196289989
1.6969568102078396
1.5873226563585947
1.6650756797312602
1.6074807227519308
1.4272670878401497
1.4276125604123555
1.7262935311232963
1.4860010521983007
1.5879400011072384
1.6049690648127353
1.6451081331780275
1.856683579546819
1.6344325781303572
1.625505223362682
1.823260094858667
1.7154629825422243
1.5943073019848546
1.6596341364363854
1.6110368733400258
1.5609361856239412
1.5681239883668352
1.584138854525349
1.5820880237857313
1.619662466549736
1.5846371487477768
1.7063721247662569
1.5582136279860845
1.6692941902260072
1.6195736577216444
1.597364976884121
1.521722938999341
1.6960747627247257
1.5306468638883806
1.6236913011410246
1.7398459841505503
1.6549194534461702
1.646843407408006
1.5194748757331251
1.7499923315687316
1.6765547693454015
1.6985552719706356
1.7293181797097599
1.5049215452863642
1.5558225897318716
1.585987915298845
1.665406949512324
1.6516861358363937
1.6539889255944737
1.5390692287290573
1.4791898100200729
1.485316702016507
1.6553068131620892
1.6170595057409343
1.7633098069003021
1.4968032130720124
1.6935910382732164
1.7715028427347694
1.4993810457200605
1.7507647395058303
1.6869465311403913
1.5728608080069382
1.62267261222028
1.5360729656437964
1.536950615398767
1.466319414481902
1.5860862818817745
1.5559758614755974
1.5829028416775723
1.5774726580273728
1.6129560833864376
1.652363972103358
1.3574610357530632
1.6428015927692359
1.5787292041236674
1.385579156845872
1.6294009349025556
1.5590769500117827
1.6208478794828796
1.5607059846381812
1.699710912934918
1.4548956991611401
1.700284201987425
1.5828583582023825
1.6408613296558006
1.6587273167178405
1.5292702190196574
1.4278879891769638
1.5895559992548984
1.6733283420821945
1.5964096012869078
1.5306529158791138
1.6240208403832133
1.57766535095665
1.7452306724315592
1.6573767350649808
1.5584874501626664
1.6200487599875224
1.5428791443600445
1.7426941495907058
1.772589005615932
1.6414771335729008
1.8562008232986253
1.5532186991545225
1.7982575662997087
1.5762825100228977
1.5323295544482962
1.683725311362087
1.6479992586029628
1.4003650392814044
1.5034999461729883
1.4661038509521345
1.6108456848097834
1.5805600990500261
1.6387967544738677
1.656968951096511
1.6009933185006315
1.4709387039146369
1.4719268116088227
1.5867629430838608
1.627247562219512
1.7123560033157816
1.5175456950975785
1.5377364163861338
1.6936284742733687
1.5665387193915923
1.748263672217312
1.502730756684131
1.7386947371032466
1.613036114177895
1.5067258292385133
1.7421880295207806
1.6652990722324887
1.6499817154218208
1.4887762864607554
1.7665307616594368
1.6672234467755884
1.6249614704175306
1.5442224741922745
1.645066769180396
1.7329994339492796
1.607521563565588
1.4291189271148843
1.64224014244353
1.6166086489755351
1.7222681534995872
1.6962815626309518
1.6675071729197664
1.5952555903470287
1.7606968885295924
1.5309208307770095
1.698105107597395
1.6634561221769426
1.7103084074797206
1.6167423308067062
1.5620038451900968
1.4156234009658855
1.773895720861043
1.5784127876101877
1.8567249973442361
1.593498843119157
1.7155293682379693
1.6089540820588266
1.6201965313148707
1.6185131333938958
1.809676670822656
1.6395213285713888
1.6728884663674017
1.5481449816784068
1.6842972209548754
1.533703242948506
1.4406805622118681
1.782931905941233
1.4974946862050351
1.7031981512566836
1.6030618965996373
1.8219017626073692
1.4852783494716395
1.7140004061041991
1.7493854961130884
1.453773615060621
1.5650453011372627
1.452341099135642
1.6378308172258509
1.6732812737201976
1.8052568984903758
1.546566994041971
1.7234828413795025
1.6278594829208712
1.5919002200348735
1.481669380533086
1.5462085568995503
1.4988438670221873
1.676187345274339
1.6928336164407034
1.670240635780482
1.6566270053285055
1.7034818240125826
1.5944863552499742
1.6131979857803418
1.4594600476575255
1.569183956523975
1.7645243907828516
1.6658450780846417
1.72650748456403
1.5723146084164004
1.5302400196797998
1.5398466682947982
1.4443582327152937
1.4528002201253662
1.4369408051598263
1.6758508184996312
1.6254256972924963
1.7080843289767011
1.4388670795960652
1.5300179116308925
1.5604714444749432
1.7003888210257172
1.6250767503242758
1.482913047376063
1.546424504509209
1.5496095214247991
1.6174456472445486
1.5723081818901972
1.519302414571156
1.5093212987923679
1.3600493615409635
1.5953657087616617
1.5591000934528156
1.5229819726100158
1.6069537391678153
1.7263753674888915
1.6035837087792617
1.6487524945464522
1.7880804950859455
1.7166175486779682
1.6955816397738535
1.6902945407383445
1.632985883538594
1.5038969931886834
1.8287777987731808
1.6989892854591004
1.6749852813118875
1.4346157527226138
1.5857357734550348
1.606201445526595
1.433441525021192
1.5451061235123993
1.5793165740391752
1.3982488856559532
1.7184566848713976
1.858872044957112
1.5191119043441954
1.6368444799827402
1.5654180703683127
1.7253692038488475
1.4888653909168386
1.8289133055316986
1.5476584130637245
1.6313742781605003
1.546732427347258
1.6170509565323872
1.5113472408598627
1.4821192063642625
1.586074218287666
1.4268140356669425
1.6088149895488728
1.5821233255238571
1.5996036278411805
1.5551444173569655
1.6305820213084092
1.626545468698719
1.3891229234862599
1.503596421316472
1.5055394207147832
1.6251948531892195
1.7764219271824806
1.62187093429799
1.61987664150985
1.737042504485144
1.6123307110975154
1.5918877971155108
1.655504950881691
1.721425097384193
1.5765597566036076
1.735464070883766
1.5610469399761668
1.4681409901724134
1.5228656795820887
1.6248895789280096
1.6253191441466663
1.6221782247637524
1.5163732757685533
1.5058070835969473
1.6595807801790925
1.6965094472774893
1.598979905386199
1.5517753271572234
1.6342744655125514
1.8369363199841713
1.5517205746441167
1.853022172451381
1.5415796002704567
1.696404372529115
1.9088963454097199
1.6148667288940854
1.5617882396458602
1.5049952031802283
1.6125551320960885
1.5533887991373438
1.628026537959409
1.6935584474609906
1.6841913242481472
1.5973625719235043
1.4041176265590427
1.7600291437141067
1.650465113061101
1.5114185148506807
1.7212774835995823
1.7002246939912835
1.6334565934026117
1.650142554559696
1.556104045710995
1.6643141125832552
1.6882344131255764
1.611470142216345
1.6139810479524435
1.5134130358454707
1.5866219293218284
1.6265126977617363
1.4143997401458899
1.3763594093087739
1.473523881937709
1.4548908258972175
1.6322847356848431
1.5401190264021414
1.5315825667491687
1.6748860194388235
1.5816653663491307
1.5674342444796312
1.541072435296215
1.622356009787031
1.575952186823774
1.4847796225265613
1.4516483293637716
1.5824363281008946
1.5266832687426726
1.6021344715348642
1.6700571927197125
1.67453985352666
1.551144785308191
1.6881298805820069
1.567879542128029
1.6180769070539112
1.674892304110622
1.5326131600624424
1.5911773423509898
1.5286508577757567
1.510346356008359
1.7130880810983522
1.5543466187478363
1.6054725650362205
1.60147693053542
1.5729223535439885
1.730636566601548
1.6077980537554932
1.6059548319077035
1.5951448331039777
1.6406454758946072
1.7265962599575784
1.6419781604056616
1.7260610022489207
1.7134431501125447
1.7123551161159702
1.5621307367585717
1.666195485372971
1.4560052619335395
1.584800053213467
1.5371999344182727
1.6750178933108344
1.6949476656529163
1.614928145475901
1.80588151288155
1.7334466279111032
1.5577284644997071
1.5916792722075257
1.5845722184793483
1.5108357398262524
1.5998635361987568
1.572577688582251
1.5858321521668433
1.5506077619481806
1.5188633004337773
1.5191635977385205
1.678370148192048
1.6107303141330658
1.6332660362275588
1.6378164296485083
1.5870696533613666
1.5193938609308106
1.5303042698832467
1.6047545909214547
1.6333816513030084
1.6968982020266483
1.6478813419066867
1.8325917789142263
1.695857201476551
1.5288125999313786
1.750077216366214
1.6059591643189266
1.7323773826478015
1.5017045068806436
1.4833097801928192
1.5512012140197622
1.5537664919473828
1.5271228280788816
1.65287610693332
1.6117664325302958
1.6760709975259656
1.5979009913273812
1.6137840609513816
1.4200066748494444
1.5405406986452161
1.6139977874219884
1.541527225986862
1.5971220948301013
1.6865460620431147
1.5830975847894437
1.6125335239323466
1.7171333558912059
1.708793154783901
1.7906017940743197
1.808692205040672
1.585440040642897
1.6810606563833994
1.7238075813308087
1.7236045352301037
1.552663280842246
1.665932429323794
1.5879405237469129
1.5829076148414667
1.6428940052117085
1.7052259186505832
1.6828135845423005
1.5570448516557602
1.7268640899256922
1.6770183562798808
1.4542987848074338
1.6054428491443318
1.5867234860865977
1.6522698874918025
1.5234508396937154
1.57494304453396
1.5568438464564796
1.8040586953433104
1.6201525080801467
1.6162456809227521
1.70698799522257
1.5949232788573209
1.62575495651074
1.642553044226963
1.6599517102923373
1.7115383886286266
1.4433824851318653
1.5190451770942783
1.5769992938374449
1.635187809805576
1.6374421912720505
1.4467974256109077
1.5742468985409634
1.7130161588723394
1.5272756383326171
1.6900726477610304
1.6348364646637061
1.2706431096800557
1.7947309219179142
1.6321814212878036
1.6151485698911325
1.7441506803797395
1.7516209671284386
1.6735331502467663
1.5327820041715674
1.653171954759251
1.4999931281282093
1.4986859227090414
1.821250982430434
1.5002925429138079
1.7435132695866957
1.6662247951081879
1.705014301605569
1.6209205728349367
1.528563192005598
1.5734958558560417
1.6763242590807708
1.5466773792863722
1.681149210352858
1.7012795251051505
1.6623162625035819
1.4163577995622454
1.566134442155811
1.5157047626272095
1.746496733830374
1.661166320608836
1.8024299002309327
1.726681957270527
1.5710723444158514
1.658790593285908
1.6760936284123724
1.4756216568364136
1.661425696373631
1.533447503230373
1.6383149323881898
1.6465102966435643
1.5499132970521639
1.5777162535613305
1.3423321366513419
1.5545320221261474
1.5625842642280419
1.5835614754010217
1.7079555371615904
1.5154774942490168
1.5712063484717602
1.6069582557886963
1.6591932807346208
1.6753710937729962
1.724980605616784
1.6410118625247307
1.571929761511675
1.663855761782845
1.7633903884327284
1.5654454500083312
1.5890673551991705
1.5710392105844524
1.5038035684318494
1.6263894417710911
1.6159135524682708
1.4855425338495343
1.6036028053364855
1.5575161186359352
1.608676573081297
1.618979621932689
1.5535679139595617
1.5917491169183622
1.6649231699309999
1.6207198946539523
1.5497802376950756
1.4963611820645752
1.6461387309904079
1.5902151118011418
1.6749981633661108
1.7273573038197432
1.8237913938714954
1.604905221124266
1.534799689551471
1.626200129653631
1.7589879758462534
1.6871196654903753
1.7475384348652072
1.818638343834694
1.6416469491519396
1.5433593755200232
1.678380230851343
1.6564398787820442
1.5824131894019573
1.6667543125124367
1.5994858944478947
1.5958555911211907
1.4501526385998669
1.487169657083943
1.5104371762945412
1.4850480351813626
1.634099533427979
1.6072318024034173
1.5483698970316129
1.6217702471814799
1.5579320486585815
1.6070150574840316
1.6218845965285973
1.5043172097626585
1.5855523177760955
1.6231169406056327
1.5093782562031723
1.5941533698402803
1.5270728839347045
1.4614725940583342
1.6284011417090143
1.4173364151849455
1.7023755817966457
1.671102639728194
1.7098550623277273
1.5229457798018597
1.5023980349768356
1.3678403649818547
1.60560119867153
1.6955275727776078
1.5897305055839581
1.6908875751398547
1.5229568428635354
1.4582320037710774
1.622187695468325
1.7430530712707857
1.652335706699986
1.7556275728591144
1.6416121473829066
1.5976664804992569
1.581066504355351
1.5654633167080676
1.5776512197209416
1.6836366650732786
1.4755859172324686
1.6370813416469672
1.7069506937790586
1.782667084416469
1.6546754849422347
1.632413912888826
1.3246819880719374
1.6414362996036063
1.5471108846832906
1.7396864459189176
1.6759508316128564
1.5605202450707687
1.7554095385245316
1.6026870299246534
1.540022904302179
1.6626195764099247
1.5809911755459019
1.5527438669322196
1.6742771752091747
1.6448946646275244
1.5125649769859173
1.633361187209883
1.7233781513571491
1.437956848068134
1.7031039462496513
1.7539590788889747
1.569358361626586
1.5643554378677238
1.5409710404801669
1.5789428286543727
1.754982264508285
1.6889860116669708
1.6530511623234376
1.6483669363639453
1.5898775256408488
1.6382509033819161
1.5355811029928357
1.6388489135843631
1.494077510113161
1.5111102553744018
1.648122911039464
1.6236868640740787
1.5858605699517376
1.4583697243729556
1.5295334288137956
1.4463635951683722
1.665436930563759
1.5958484569445583
1.6660305438820324
1.6854867136266816
1.6183507304400813
1.5805936928485027
1.7283965385960214
1.6947390050112217
1.67857380150738
1.5097023439293096
1.7977248917918505
1.5721470503124084
1.6061516775352707
1.6152932642556626
1.4955947223403414
1.5537664372193198
1.729691830202786
1.839864373314301
1.5171973721454368
1.6414761488050875
1.5041253579757512
1.7041731881675237
1.6778709834045742
1.6792232553724937
1.7804049834174973
1.4924274707971943
1.557158864931336
1.5822806515436336
1.573087060252781
1.6918595366614677
1.5700110395063396
1.629344695080264
1.632697364328721
1.5119790377454243
1.721098988486764
1.6135004816609384
1.5287262895077536
1.542635432881751
1.5401150174793385
1.5556150585842656
1.5113588405866012
1.5312446681405243
1.6570144486948788
1.7462437205355439
1.5280747602223645
1.6785136196746664
1.7444593030299278
1.5986434407243346
1.6924246858960559
1.5853761532240354
1.5892399336004983
1.6659974030583715
1.589085170782145
1.769066090450821
1.6223692599500872
1.614940861626259
1.5777589526512514
1.553423093266321
1.5394436022393763
1.6007364721486015
1.6481664355067405
1.5071311611279883
1.4212841491961143
1.4451869359966931
1.6683475527848595
1.560225261078482
1.4964538527505193
1.606620664959639
1.8162253663574686
1.5210393010391137
1.469747054810555
1.6249967722736445
1.5596847401906435
1.6088519177296592
1.6839606525750375
1.564433996318432
1.7135503619875225
1.6470392289855391
1.6415099309149386
1.7088723580402705
1.5396608082517436
1.5043948483534406
1.6079913417776026
1.601190729866723
1.637545904370166
1.704071949232914
1.4225990445662329
1.8218270008207993
1.5866040872794196
1.886299475978877
1.4315256070225242
1.6836336949979132
1.642776022030862
1.822106342257605
1.5476979001952174
1.669564004852977
1.544320428485267
1.7034409310966037
1.6791353789377783
1.3619078792095836
1.516418973162454
1.6570379595350502
1.6809312858496062
1.6986814757427944
1.484811531211598
1.5081932995196667
1.6002328072127168
1.6413110419182957
1.624733338622201
1.592957937325622
1.6362183996673079
1.674988316470113
1.5504775632105543
1.675782744191058
1.6483927209593654
1.7865405581616596
1.6393301931569144
1.5565266034230905
1.7153896708583187
1.4763913318579487
1.574967059513116
1.5132716978630025
1.5448899685578616
1.7200969283995184
1.6939325675148789
1.5622549680554747
1.4969552844375362
1.6635745739884422
1.5975056751650636
1.4753051293408617
1.5591212862218904
1.6888787936756444
1.6221572727768656
1.66464411725721
1.534889018913409
1.728526988984314
1.6548313243617574
1.593955321724898
1.6157648770174369
1.5451986089659218
1.599430361340732
1.6490011380259477
1.7739093895900915
1.5267935112011715
1.588467666750033
1.6981797576543114
1.5097508305862681
1.6827136328191798
1.3214032593828164
1.5597608910919636
1.690904563580023
1.6517486598573672
1.515054730990941
1.4218429417423304
1.6675986726392955
1.7573132721195384
1.663120301959653
1.4746087685365068
1.5353129013405882
1.5218282680445123
1.5146066526788569
1.5274035394083307
1.57186422533846
1.558275051019547
1.5096872037103708
1.7878233950719171
1.506538184433019
1.4708808182321242
1.5974666135770659
1.5124456482299262
1.5707172531471296
1.6288735250212871
1.6429545032678474
1.4321634970917163
1.8763026608670903
1.6798989977444914
1.5231123356154153
1.6792739385278794
1.4542970749550015
1.6255919666556695
1.5399251497340427
1.6269212825102097
1.64177367575781
1.362889619398151
1.8073771971759298
1.5058711251655206
1.5370307463596595
1.6872264631239726
1.6697634714646585
1.5486515087379262
1.5336078370879738
1.6852480022660872
1.7599561959275798
1.6312074709445041
1.5523491254914012
1.47288415793461
1.6401889207533793
1.6358849921001741
1.6969484679138291
1.369600019880149
1.6810622163802345
1.7723545162915193
1.5268511987743192
1.5614036535209435
1.3907071329238938
1.5032708231361889
1.6250761756046488
1.6344052629039874
1.658055909465458
1.511948414553037
1.8528917434630605
1.6331056071296388
1.6616184709713842
1.5663070279353215
1.569803245991063
1.6426931103910454
1.652746099444228
1.6616130535409719
1.6552550169811624
1.643231012022747
1.6713951504417035
1.5692638259972993
1.6000612050797636
1.562505975641357
1.6998851446510068
1.542877832096179
1.589663061636687
1.6023906360364144
1.6722269926642843
1.743546615973792
1.6727557591524786
1.6457870767307325
1.6018700401301333
1.645268975791386
1.5535515682137717
1.6302952974466474
1.6016166877495643
1.5475630912859941
1.5846124676206044
1.6143709119616574
1.5864806654351287
1.7325869794175563
1.640049733039655
1.7279871830933173
1.4505994828462592
1.7882492351113375
1.5905081620864785
1.5599428247469342
1.55362305976855
1.646049863082278
1.62564465773576
1.574793395055646
1.540669549598453
1.545181545840491
1.496221631301569
1.4835255462960244
1.5453403061051114
1.6178252622166842
1.6703781068276475
1.711965633761968
1.622806962836308
1.619477776543466
1.62438306948509
1.5186294129568063
1.7400756290258816
1.4428974385789062
1.6843005704883667
1.5862036929302041
1.5696833615931733
1.4095904232236816
1.6362019930115643
1.707244203443581
1.6742801037191493
1.6548166951806094
1.5802101881332093
1.6455807075115951
1.5537887532804773
1.7072407069247086
1.5405323202454655
1.5637046509857557
1.5918381459015727
1.6317786376751846
1.7477254729922287
1.7247617011358425
1.7297965064787721
1.4808394263225582
1.5123744265714072
1.5295860285094975
1.5189861187019167
1.5753751978401773
1.650873961463286
1.5774013319272575
1.549295282087457
1.7118815713959403
1.7044472994583997
1.6679423391516814
1.4795502414244364
1.5115991468800498
1.6082560198157296
1.489867381377151
1.5372249301595118
1.706687348913829
1.5900124053807048
1.7024382443690886
1.534905415199945
1.708664152536261
1.6942197557048215
1.6939172335574282
1.530358262245691
1.5526983925178373
1.698796566509474
1.4954826715814815
1.6594218014040674
1.7370498436287287
1.5656471884283707
1.6551590279590216
1.6357384050095594
1.7834777380394191
1.5363758412686577
1.6353407057504659
1.6270958199824557
1.4513148407818879
1.722845162471105
1.6719174788791777
1.6093715768292307
1.7458841984924047
1.6076155078860712
1.5672274760968017
1.6246327171103085
1.5827537647305516
1.5557192351412494
1.6481921099474166
1.467984673401664
1.6198783453263665
1.6053801222223059
1.580608659551254
1.5988853182832747
1.6005706702421332
1.693507993187803
1.8237098797109945
1.6940659866662373
1.7606570248654025
1.707544549307995
1.5533707466768563
1.646181119476095
1.6500051873240682
1.5117457960901461
1.4660329243854109
1.4698731161720218
1.70252476007219
1.5958604930049765
1.5638232049024796
1.6618810221052416
1.6006466312116308
1.6673618274931024
1.435912784813779
1.6576418814397254
1.6637996702925884
1.6371150591703214
1.5040008379772067
1.6105752168482808
1.599797697782139
1.609587942224767
1.4339247383021154
1.6243026025112417
1.5593399892267072
1.6644561867414187
1.523329090000052
1.6073989018558141
1.7994324551063081
1.7246050942170599
1.7364010452190761
1.5887830104581766
1.6277538593363676
1.632418799446961
1.6181741803430438
1.5396310251941903
1.6437686711671524
1.6671623865956262
1.6172505083202526
1.7373572872805936
1.5339131272635318
1.468066031652267
1.5963590842358137
1.6987730599646789
1.7153160417690214
1.7560882481310411
1.8234288686799303
1.6756216170495488
1.6875085037551256
1.6349562596334268
1.524141489643041
1.6961863925231404
1.7355796318239642
1.4756715818379744
1.8129220335176315
1.6192842704334856
1.6170722002151614
1.6951199712066822
1.7262387776650876
1.6276442640038908
1.699801728223754
1.5646515454481176
1.6226923396185675
1.5979073559702535
1.6271910138353798
1.633338510328745
1.4592890418520847
1.4633889327999225
1.743211220410409
1.4042189070823263
1.6261897652144108
1.5352501418191655
1.4998089330800632
1.4449665220219863
1.527982813395555
1.5836264022362543
1.6389859282318497
1.6102290773024097
1.61127816649097
1.797790487787827
1.6304445118509172
1.5175092514511088
1.6385395679505175
1.6959778275055446
1.7498946947914806
1.5588688829130228
1.4736294444796807
1.8024561966657262
1.6250073990348795
1.5889360090237223
1.7006367315993138
1.51219445194564
1.4856430307343766
1.6141576723070066
1.4706646021904353
1.5253972756199157
1.5521644565470938
1.5865387684479986
1.5789585356487668
1.5095536452470377
1.6457670889438472
1.6705242224760695
1.5765705132186156
1.5366068410570959
1.5500672370402144
1.5863915351349296
1.7314489425458517
1.7405483849538474
1.5323039533144365
1.5230936381912434
1.6197830767179122
1.9045615007704821
1.3849771595148872
1.5349762977208086
1.4760510429291869
1.6901122305157927
1.8199159833693725
1.5810595226505024
1.417543005280252
1.331718404909589
1.7717421056962597
1.4314230535478192
1.5054775957562663
1.4290674277619546
1.5863409399393762
1.6132922791479352
1.5668592171776532
1.738986012767984
1.7894934359327297
1.684501960587926
1.7040521662655874
1.6403533381238913
1.7128690811686373
1.4036734100058257
1.7362894601485523
1.7328026148022413
1.3785020353152522
1.5929335018547688
1.7522224331394713
1.6050326336316048
1.590880545126294
1.7739148635074242
1.573490852512385
1.704770241501421
1.6253022887846504
1.7381563214549682
1.554551970476313
1.6081447599642622
1.5081094905584822
1.7052824856952136
1.5668826787874117
1.7937999310931092
1.6883030378927222
1.5442561151515504
1.6367839274000475
1.5082796777564136
1.5459450897239846
1.6174023736747116
1.6240360551076236
1.8036090794218955
1.7124693915826696
1.7636727694605228
1.5830414599020628
1.595340446275218
1.564845928907647
1.5017313770852259
1.567401593385747
1.7654894763686133
1.5919321530555557
1.6581319878918739
1.8246588627716318
1.4905610571423555
1.6378700653222213
1.4110527443326564
1.4203252588996014
1.7055647960442457
1.6090951643898332
1.8118004574272188
1.5227119986596256
1.5116737314258057
1.5653318478182974
1.605388935580985
1.676452238748631
1.6409315981321964
1.557684520909655
1.5895464112591915
1.6731364282714893
1.7307871573595277
1.5620692450680669
1.5359284060301635
1.4476691746658352
1.7094316402050889
1.5614802191294679
1.423948180314979
1.8065864922304136
1.547496317559905
1.480233734820346
1.5137876229803118
1.6251836263914907
1.6089436470737994
1.662582325981558
1.648449594226499
1.2980686063687175
1.6899780521260437
1.7471846010618999
1.5463444179580135
1.6470746983521396
1.64412363449182
1.6689405272323181
1.6261810411853646
1.7301041708230604
1.5014121311284234
1.5507012790503931
1.6753075078492625
1.5219460538522005
1.6208489411664493
1.758404064624178
1.7565118625473093
1.4717525609273119
1.5469057536048927
1.6152751102039076
1.4968850148214485
1.3850047007212711
1.4544775599738038
1.6439094372233158
1.5748953513175346
1.6313575431465634
1.6694351100501177
1.5703307766064378
1.568618561807533
1.7450232942998225
1.5583477800367722
1.7156661690796617
1.753931210965209
1.4260184220835066
1.624305283834416
1.4147824393920172
1.7180035380505292
1.6982228697868893
1.531943820276636
1.6629758972336353
1.5121725434174431
1.6352914999343922
1.5188156280257228
1.4600591665955363
1.6744470962146465
1.820710448525334
1.5440937601862088
1.5620884878352892
1.794156266246423
1.547618430311826
1.6157883121059884
1.713342232960457
1.4632973003977952
1.6714608889283378
1.589632638112713
1.4997336254088875
1.3037794577807635
1.5830245899945763
1.8007111126991453
1.576574615878843
1.7541573025556594
1.4851307390116029
1.6979602344145817
1.51978225373846
1.7114395530649056
1.6030619092560312
1.6000975421586647
1.5946278023536171
1.662592908944543
1.520213756423414
1.4887244717787531
1.611989178134334
1.6993540131589102
1.5800687495932806
1.5584490736120804
1.6660601813470035
1.6795861108209924
1.655570287051109
1.6051952604756157
1.7529058927916463
1.7076400295458152
1.6557927988830785
1.799628923789775
1.6708805470441512
1.6396076784240494
1.7655329059208742
1.4860027809488718
1.5340164950708794
1.6631684471396928
1.5916807808871967
1.7764657526164311
1.6965767983542093
1.646473153571191
1.5267590301950587
1.7087465525088734
1.6599702576288264
1.6699879407176974
1.6055473589806513
1.5471357519825344
1.5069273955418456
1.4046655004181186
1.6970472277977604
1.6486640814515834
1.6098593331493858
1.6101541488867104
1.6275750266281002
1.473620261850471
1.7050871969121073
1.6349411966254548
1.6863738722068586
1.586122268822447
1.708478823826062
1.6892396361720579
1.58624472202821
1.6140636154504677
1.7197076439926038
1.5682282250158972
1.6278791681696265
1.6791970398679563
1.4919101147635119
1.5333614381025058
1.489934797180618
1.5220842247846518
1.4629119639398867
1.7244990297927172
1.7205452630412934
1.5483805305409026
1.686626524285114
1.8956027259064416
1.5352502572089781
1.6489199049251928
1.4580409820886036
1.5728032373125536
1.5766692848814807
1.7039977643243471
1.6900922657139228
1.5946976455080262
1.5398025552703267
1.7886805134456967
1.7133374896842337
1.832926048451594
1.5713236796231724
1.4944673113966112
1.7496000679104617
1.496395860062923
1.6396894089894618
1.6200721299432501
1.5077193422821056
1.618453498416451
1.7876373881008365
1.6958701081974135
1.6615235679268179
1.4252001142081072
1.6759163072438645
1.745555923925556
1.708439033404681
1.6335485560034326
1.5862314181041108
1.6922272462607388
1.597093302010108
1.4162097624075718
1.6349520028017384
1.5652808843403334
1.579765048974963
1.629288205579848
1.7275313959050491
1.6544792048571706
1.6459466583345503
1.5083579666239917
1.61845681008142
1.641970145817583
1.7274855259186366
1.5388164439744627
1.8154589753613513
1.805812722198555
1.6899266518679206
1.5387800904144275
1.6368403591386307
1.4935410415196397
1.7014815284051188
1.737329704801741
1.4641727175423278
1.4129007105697102
1.6196294211068998
1.5141822632140418
1.4550583231016545
1.5656335705036346
1.685477705142224
1.787698332153734
1.6493883337779671
1.6189828227528693
1.437981488296623
1.4299389846350965
1.56032594841962
1.6112538681534634
1.6190392192569016
1.4947167113887088
1.6690556270540235
1.6033772025757607
1.723169365441701
1.7567320423167005
1.694656369240989
1.6044925347094712
1.3921334904194853
1.54062858645412
1.6438799746257193
1.488043913393087
1.606435708053025
1.6818916019518284
1.5712633875295288
1.5181442249778616
1.524862733340624
1.6379244770948602
1.5055544566371484
1.5268134983337591
1.3783945319962514
1.6923031952170062
1.5072880329177656
1.5669401304316648
1.670787701197384
1.7562180236913025
1.4898419086036454
1.527180189314901
1.6012780808727987
1.3970467967999736
1.542713378861828
1.4587654311230298
1.7541357189049476
1.5681417509577262
1.5561468135308643
1.6156192909339437
1.4547122197279974
1.6725078413204617
1.5406706495441655
1.6541579328222722
1.6741159305508284
1.7492953971766003
1.7031639723252843
1.8962663231955448
1.6031845560601854
